8900,'4616',802,50,5698,23,,,0,30,10,5671,23,,,0,70,50,5697,23,,,0,30,10,5672,23,,,0,70,50,5696,23,,,0,30,10,5673,23,,,0,70,50,5693,23,,,0,30,10,5674,23,,,0,70,50,5692,23,,,0,30,10,5676,23,,,0,70,50,5688,23,,,0,30,10,5678,23,,,0,70,50,5691,23,,,0,30,10,5675,23,,,0,70,50,5689,23,,,0,30,10,5681,23,,,0,70,50,5694,23,,,0,30,10,5682,23,,,0,70,50,5695,23,,,0,30,10,5677,23,,,0,70,50,5699,23,,,0,30,10,5680,23,,,0,70,50,5700,23,,,0,30,10,5679,23,,,0,100,10,5683,23,,,0,100,10,5684,23,,,0,100,10,5685,23,,,0
8900,'5454',832,10,5713,23,,,0,100,10,5710,23,,,0,100,10,5701,23,,,0,100,10,5702,23,,,0,100,10,5703,23,,,0,70,50,5723,23,,,0,30,10,5704,23,,,0,70,50,5721,23,,,0,30,10,5705,23,,,0,70,50,5718,23,,,0,30,10,5706,23,,,0,70,50,5719,23,,,0,30,10,5708,23,,,0,70,50,5720,23,,,0,30,10,5709,23,,,0,100,10,5711,23,,,0,100,10,5707,23,,,0,100,10,5715,23,,,0,100,10,5717,23,,,0,100,10,5712,23,,,0
8900,'5648',702,,5756,1,,,0,40,10,5736,23,,,0,60,50,5753,23,,,0,22,10,5738,23,,,0,19,10,5743,23,,,0,59,50,5752,23,,,0,22,10,5739,23,,,0,19,10,5740,23,,,0,59,50,5727,23,,,0,30,10,5737,23,,,0,70,50,5747,23,,,0,30,10,5725,23,,,0,70,50,5726,23,,,0,30,10,5734,23,,,0,70,50,5750,23,,,0,30,10,5724,23,,,0,70,50,5729,23,,,0,30,10,5735,23,,,0,70,50,5749,23,,,0,18,10,5758,23,,,0,19,10,5728,23,,,0,63,50,5730,23,,,0,18,10,5759,23,,,0,19,10,5742,23,,,0,63,50,5748,23,,,0,30,10,5744,23,,,0,70,50,5733,23,,,0,30,10,5746,23,,,0,70,50,5741,23,,,0,30,10,5755,23,,,0,70,50,5732,23,,,0,100,50,5751,23,,,0,100,50,5731,23,,,0
9100,'4616',804,,5763,1,,,0,100,,5764,1,,,0,100,,5771,1,,,0,100,,5766,1,,,0,100,,5760,1,,,0,100,,5761,1,,,0,100,,5765,1,,,0,100,,5762,1,,,0,100,,5768,1,,,0,100,,5769,1,,,0,100,,5770,1,,,0,100,,5767,1,,,0,100,,5772,1,,,0
9100,'5454',804,,5783,1,,,0,100,,5775,1,,,0,100,,5773,1,,,0,100,,5774,1,,,0,100,,5776,1,,,0,100,,5778,1,,,0,100,,5780,1,,,0,100,,5777,1,,,0,100,,5779,1,,,0,100,,5781,1,,,0,100,,5782,1,,,0
9100,'5648',704,,5784,1,,,0,100,,5786,1,,,0,100,,5787,1,,,0,100,,5790,1,,,0,100,,5785,1,,,0,100,,5792,1,,,0,100,,5789,1,,,0,100,,5791,1,,,0,100,,5794,1,,,0,100,,5788,1,,,0,100,,5795,1,,,0,100,,5796,1,,,0,100,,5793,1,,,0,100,,5797,1,,,0
9101,'4616',900,,5798,37,4,,0,100,,5799,37,4,,0,100,,5801,37,4,,0,100,,5804,37,4,,0,100,,5800,37,4,,0,100,,5805,37,4,,0,100,,5802,37,4,,0,100,,5803,37,4,,0,100,,5807,37,4,,0,100,,5808,37,4,,0,100,,5806,37,4,,0,100,,5809,37,4,,0,100,,5810,37,4,,0
9101,'5454',900,,5819,37,4,,0,100,,5811,37,4,,0,100,,5815,37,4,,0,100,,5813,37,4,,0,100,,5814,37,4,,0,100,,5816,37,4,,0,100,,5812,37,4,,0,100,,5817,37,4,,0,100,,5818,37,4,,0,100,,5820,37,4,,0,100,,5821,37,4,,0
9101,'5648',658,,5823,37,4,,0,100,,5822,37,4,,0,100,,5825,37,4,,0,100,,5826,37,4,,0,100,,5824,37,4,,0,100,,5827,37,4,,0,100,,5828,37,4,,0,100,,5832,37,4,,0,144,,5831,37,4,,0,56,,5829,37,4,,0,101,,5830,37,4,,0,100,,5835,37,4,,0,99,,5833,37,4,,0,100,,5834,37,4,,0,100,,5836,37,4,,0
9600,'5648',740,,5837,1,0,14 15 16 17,0,3,,5839,1,0,14 15 16 17,0,97,,5838,17,4,,0,3,,5840,17,4,,0
9601,'5648',1422,,5841,1,0,14 15 16 17,0,98,,5842,30,4,,0,28,,5843,30,4,,0
97019,'5648',750,,5845,1,,,0,88,,5845,47,4,,0
97029,'5648',1455,,5846,1,,,0,90,,5846,37,4,,0
