12019,'5648',759,,5054,30,,,0
12029,'5648',1535,,5055,3,,,0
1601,'4616',742,,5300,1,0,13,0,95,,5301,4,,,0,100,,5299,4,,,0,70,,5314,4,,,0,30,,5298,4,,,0,70,,5316,4,,,0,30,,5306,4,,,0,70,,5318,4,,,0,30,,5307,4,,,0,70,,5319,4,,,0,30,,5303,4,,,0,70,,5315,4,,,0,30,,5305,4,,,0,70,,5317,4,,,0,30,,5308,4,,,0,70,,5320,4,,,0,30,,5309,4,,,0,100,,5310,4,,,0,100,,5304,4,,,0,100,,5311,4,,,0,100,,5312,4,,,0,100,,5313,4,,,0,71,,5302,4,,,0
1601,'5454',938,,5321,4,,,0,100,,5322,4,,,0,100,,5323,4,,,0,100,,5326,4,,,0,100,,5327,4,,,0,100,,5328,4,,,0,100,,5324,4,,,0,100,,5325,4,,,0,100,,5329,4,,,0
1601,'5648',707,,5331,4,,,0,30,,5333,4,,,0,100,,5334,4,,,0,70,,5340,4,,,0,100,,5341,4,,,0,30,,5335,4,,,0,100,,5330,4,,,0,70,,5343,4,,,0,100,,5344,4,,,0,30,,5336,4,,,0,100,,5337,4,,,0,70,,5342,4,,,0,100,,5345,4,,,0,30,,5332,4,,,0,100,,5338,4,,,0,70,,5346,4,,,0,100,,5347,4,,,0,130,,5339,4,,,0
1601,'5649',637,,5348,1,0,13,0,170,,5354,4,,,0,130,,5351,4,,,0,170,,5353,4,,,0,130,,5349,4,,,0,170,,5356,4,,,0,130,,5350,4,,,0,170,,5357,4,,,0,130,,5355,4,,,0,170,,5358,4,,,0,130,,5352,4,,,0
1601,'5652',637,,5359,1,0,13,0,170,,5365,4,,,0,130,,5362,4,,,0,170,,5364,4,,,0,130,,5360,4,,,0,170,,5367,4,,,0,130,,5361,4,,,0,170,,5368,4,,,0,130,,5366,4,,,0,170,,5369,4,,,0,130,,5363,4,,,0
1900,'4616',807,,5370,4,,,0,100,,5371,4,,,0,800,,5372,4,,,0,100,,5374,4,,,0,100,,5373,4,,,0,100,,5375,4,,,0,100,,5376,4,,,0
1900,'5454',907,,5385,4,,,0,100,,5377,4,,,0,100,,5379,4,,,0,100,,5380,4,,,0,100,,5381,4,,,0,100,,5378,4,,,0,100,,5382,4,,,0,100,,5383,4,,,0,100,,5384,4,,,0,100,,5386,4,,,0
8801,'4616',737,,5585,35,,,0,70,,5609,35,,,0,30,,5587,35,,,0,70,,5608,35,,,0,30,,5589,35,,,0,70,,5604,35,,,0,30,,5590,35,,,0,70,,5606,35,,,0,30,,5586,35,,,0,70,,5605,35,,,0,30,,5592,35,,,0,70,,5607,35,,,0,30,,5593,35,,,0,70,,5602,35,,,0,30,,5591,35,,,0,70,,5612,35,,,0,30,,5594,35,,,0,70,,5603,35,,,0,30,,5595,35,,,0,70,,5610,35,,,0,30,,5588,35,,,0,70,,5611,35,,,0,30,,5597,35,,,0,100,,5598,35,,,0,100,,5599,35,,,0,100,,5596,35,,,0,100,,5600,35,,,0
8801,'5454',737,,5626,35,,,0,100,,5625,35,,,0,100,,5620,35,,,0,100,,5614,35,,,0,100,,5615,35,,,0,70,,5634,35,,,0,30,,5616,35,,,0,70,,5633,35,,,0,30,,5617,35,,,0,70,,5630,35,,,0,30,,5618,35,,,0,70,,5631,35,,,0,30,,5613,35,,,0,70,,5632,35,,,0,30,,5619,35,,,0,70,,5635,35,,,0,30,,5621,35,,,0,100,,5622,35,,,0,100,,5623,35,,,0,100,,5624,35,,,0,100,,5627,35,,,0,100,,5628,35,,,0
8801,'5648',707,,5665,35,,,0,30,,5658,35,,,0,70,,5667,35,,,0,22,,5653,35,,,0,20,,5659,35,,,0,58,,5662,35,,,0,23,,5657,35,,,0,19,,5660,35,,,0,58,,5666,35,,,0,30,,5638,35,,,0,70,,5646,35,,,0,30,,5652,35,,,0,70,,5668,35,,,0,30,,5640,35,,,0,70,,5647,35,,,0,30,,5655,35,,,0,70,,5651,35,,,0,30,,5636,35,,,0,70,,5645,35,,,0,18,,5669,35,,,0,20,,5654,35,,,0,62,,5661,35,,,0,18,,5649,35,,,0,20,,5643,35,,,0,62,,5637,35,,,0,18,,5670,35,,,0,20,,5664,35,,,0,62,,5663,35,,,0,30,,5644,35,,,0,70,,5642,35,,,0,30,,5650,35,,,0,70,,5656,35,,,0,100,,5641,35,,,0,100,,5648,35,,,0
