100,'4616',703,,4744,1,,,0,29,,4744,44,4,,0,71,,4745,1,,,0,29,,4745,44,4,,0,71,,4746,1,,,0,29,,4746,44,4,,0,71,,4747,1,,,0,29,,4747,44,4,,0,71,,4748,1,,,0,29,,4748,44,4,,0,71,,4749,1,,,0,29,,4749,44,4,,0,71,,4750,1,,,0,29,,4750,44,4,,0,71,,4751,1,,,0,29,,4751,44,4,,0,71,,4752,1,,,0,29,,4752,44,4,,0,71,,4753,1,,,0,29,,4753,44,4,,0,71,,4754,1,,,0,29,,4754,44,4,,0,71,,4755,1,,,0,29,,4755,44,4,,0,71,,4756,1,,,0,29,,4756,44,4,,0,71,,4758,1,,,0,29,,4758,44,4,,0,71,,4757,1,,,0,29,,4757,44,4,,0
100,'5454',903,,4759,1,,,0,29,,4759,44,4,,0,71,,4760,1,,,0,29,,4760,44,4,,0,71,,4762,1,,,0,29,,4762,44,4,,0,71,,4761,1,,,0,29,,4761,44,4,,0,71,,4763,1,,,0,29,,4763,44,4,,0,71,,4764,1,,,0,29,,4764,44,4,,0,71,,4765,1,,,0,29,,4765,44,4,,0,71,,4767,1,,,0,29,,4767,44,4,,0,71,,4766,1,,,0,29,,4766,44,4,,0,71,,4768,1,,,0,29,,4768,44,4,,0
100,'5648',603,,4790,1,,,0,29,,4790,44,4,,0,101,,4769,1,,,0,69,,4769,44,4,,0,1,,4783,1,,,0,29,,4783,44,4,,0,1,,4776,1,,,0,69,,4776,44,4,,0,1,,4771,1,,,0,29,,4771,44,4,,0,1,,4784,1,,,0,69,,4784,44,4,,0,1,,4779,1,,,0,29,,4779,44,4,,0,1,,4778,1,,,0,69,,4778,44,4,,0,31,,4770,1,,,0,69,,4770,44,4,,0,31,,4789,1,,,0,69,,4789,44,4,,0,31,,4772,1,,,0,69,,4772,44,4,,0,31,,4780,1,,,0,69,,4780,44,4,,0,31,,4773,1,,,0,69,,4773,44,4,,0,1,,4781,1,,,0,29,,4781,44,4,,0,1,,4774,1,,,0,69,,4774,44,4,,0,1,,4787,1,,,0,29,,4787,44,4,,0,1,,4785,1,,,0,69,,4785,44,4,,0,1,,4775,1,,,0,29,,4775,44,4,,0,71,,4782,1,,,0,29,,4782,44,4,,0,71,,4777,1,,,0,29,,4777,44,4,,0,71,,4786,1,,,0,29,,4786,44,4,,0,71,,4788,1,,,0,29,,4788,44,4,,0,1,,4791,1,,,0,69,,4791,44,4,,0
500,'4616',754,,4794,22,,,0,98,,4797,22,,,0,100,,4795,22,,,0,100,,4801,22,,,0,100,,4792,22,,,0,100,,4802,22,,,0,100,,4806,22,,,0,100,,4804,22,,,0,100,,4793,22,,,0,100,,4803,22,,,0,100,,4805,22,,,0,100,,4799,22,,,0,100,,4800,22,,,0,100,,4798,22,,,0,100,,4796,22,,,0
500,'5454',754,,4813,22,,,0,98,,4807,22,,,0,100,,4812,22,,,0,100,,4811,22,,,0,100,,4814,22,,,0,100,,4809,22,,,0,100,,4808,22,,,0,100,,4810,22,,,0,100,,4821,22,,,0,100,,4820,22,,,0,100,,4819,22,,,0,100,,4818,22,,,0,100,,4817,22,,,0,100,,4815,22,,,0,100,,4816,22,,,0
500,'5648',724,,4824,22,,,0,28,,4833,22,,,0,65,,4823,22,,,0,35,,4834,22,,,0,65,,4822,22,,,0,35,,4835,22,,,0,100,,4839,22,,,0,100,,4840,22,,,0,100,,4836,22,,,0,100,,4837,22,,,0,100,,4838,22,,,0,100,,4828,22,,,0,70,,4842,22,,,0,30,,4826,22,,,0,70,,4825,22,,,0,30,,4827,22,,,0,70,,4843,22,,,0,30,,4831,22,,,0,100,,4829,22,,,0,100,,4830,22,,,0,100,,4832,22,,,0,100,,4841,22,,,0
1101,'4616',733,,5024,1,,,0,69,,5024,44,4,,0,31,,5025,1,,,0,69,,5025,44,4,,0,31,,5026,1,,,0,69,,5026,44,4,,0,31,,5027,1,,,0,69,,5027,44,4,,0,31,,5028,1,,,0,69,,5028,44,4,,0,31,,5029,1,,,0,69,,5029,44,4,,0,31,,5030,1,,,0,69,,5030,44,4,,0,31,,5031,1,,,0,69,,5031,44,4,,0,31,,5032,1,,,0,69,,5032,44,4,,0,31,,5033,1,,,0,69,,5033,44,4,,0,31,,5034,1,,,0,69,,5034,44,4,,0
1101,'5648',703,,5041,1,,,0,29,,5041,44,4,,0,1,,5040,1,,,0,69,,5040,44,4,,0,1,,5035,1,,,0,29,,5035,44,4,,0,1,,5046,1,,,0,69,,5046,44,4,,0,1,,5042,1,,,0,29,,5042,44,4,,0,1,,5036,1,,,0,69,,5036,44,4,,0,1,,5048,1,,,0,29,,5048,44,4,,0,71,,5037,1,,,0,29,,5037,44,4,,0,71,,5050,1,,,0,29,,5050,44,4,,0,71,,5043,1,,,0,29,,5043,44,4,,0,71,,5038,1,,,0,29,,5038,44,4,,0,71,,5045,1,,,0,24,,5049,2,,,0,5,,5045,44,4,,0,22,,5049,45,4,,0,49,,5052,1,,,0,29,,5052,44,4,,0,1,,5047,1,,,0,69,,5047,44,4,,0,1,,5039,1,,,0,29,,5039,44,4,,0,1,,5051,1,,,0,69,,5051,44,4,,0,1,,5044,1,,,0,29,,5044,44,4,,0,1,,5053,1,,,0,69,,5053,44,4,,0
55029,'4616',735,,5539,1,,,0,106,9,5541,14,,,0,100,9,5544,14,,,0,100,9,5542,14,,,0,100,9,5540,14,,,0,100,9,5546,14,,,0,100,9,5543,14,,,0,100,9,5545,14,,,0,100,9,5550,14,,,0,100,9,5549,14,,,0,100,9,5547,14,,,0,100,9,5538,14,,,0,100,9,5552,14,,,0,100,9,5551,14,,,0,100,9,5548,14,,,0
55029,'5454',841,9,5559,15,,,0,100,9,5561,15,,,0,100,9,5560,15,,,0,100,9,5562,15,,,0,100,9,5555,15,,,0,100,9,5563,15,,,0,100,9,5557,15,,,0,100,9,5554,15,,,0,100,9,5553,15,,,0,100,9,5558,15,,,0,100,9,5556,15,,,0
55029,'5648',713,,5577,1,,,0,36,9,5564,14,,,0,60,9,5582,14,,,0,40,9,5566,14,,,0,60,9,5569,14,,,0,100,9,5578,14,,,0,101,9,5579,14,,,0,100,9,5581,14,,,0,100,9,5580,14,,,0,100,9,5583,14,,,0,99,9,5570,14,,,0,36,,5584,1,,,0,67,9,5567,14,,,0,32,9,5573,14,,,0,69,9,5565,14,,,0,32,9,5576,14,,,0,68,9,5568,14,,,0,30,9,5575,14,,,0,68,9,5572,14,,,0,100,9,5571,14,,,0,98,9,5574,14,0,11,0
8801,'4616',711,8,5585,14,,,0,30,8,5609,14,,,0,70,8,5587,14,,,0,30,8,5608,14,,,0,70,8,5589,14,,,0,30,8,5604,14,,,0,70,8,5590,14,,,0,30,8,5606,14,,,0,70,8,5586,14,,,0,30,8,5605,14,,,0,70,8,5592,14,,,0,30,8,5607,14,,,0,70,8,5593,14,,,0,30,8,5602,14,,,0,70,8,5591,14,,,0,30,8,5612,14,,,0,70,8,5594,14,,,0,30,8,5603,14,,,0,70,8,5595,14,,,0,30,8,5610,14,,,0,70,8,5588,14,,,0,30,8,5611,14,,,0,70,8,5597,14,,,0,100,8,5598,14,,,0,100,8,5599,14,,,0,100,8,5596,14,,,0,100,8,5600,14,,,0,92,,5601,14,0,5 6,0
8801,'5454',711,8,5626,14,,,0,100,8,5625,14,,,0,100,8,5620,14,,,0,100,8,5614,14,,,0,100,8,5615,14,,,0,30,8,5634,14,,,0,70,8,5616,14,,,0,30,8,5633,14,,,0,70,8,5617,14,,,0,30,8,5630,14,,,0,70,8,5618,14,,,0,30,8,5631,14,,,0,70,8,5613,14,,,0,30,8,5632,14,,,0,70,8,5619,14,,,0,30,8,5635,14,,,0,70,8,5621,14,,,0,100,8,5622,14,,,0,100,8,5623,14,,,0,100,8,5624,14,,,0,100,8,5627,14,,,0,100,8,5628,14,,,0,92,,5629,14,0,5 6,0
8801,'5648',641,8,5665,14,,,0,70,8,5658,14,,,0,30,8,5667,14,,,0,62,48,5653,14,,,0,20,8,5659,14,,,0,18,8,5662,14,,,0,63,48,5657,14,,,0,19,8,5660,14,,,0,18,8,5666,14,,,0,70,8,5638,14,,,0,30,8,5646,14,,,0,70,8,5652,14,,,0,30,8,5668,14,,,0,70,8,5640,14,,,0,30,8,5647,14,,,0,70,8,5655,14,,,0,30,8,5651,14,,,0,70,8,5636,14,,,0,30,8,5645,14,,,0,18,8,5669,14,,,0,60,8,5654,14,,,0,22,8,5661,14,,,0,18,8,5649,14,,,0,60,8,5643,14,,,0,22,8,5637,14,,,0,18,8,5670,14,,,0,60,8,5664,14,,,0,22,8,5663,14,,,0,70,8,5644,14,,,0,30,8,5642,14,,,0,70,8,5650,14,,,0,30,8,5656,14,,,0,100,8,5641,14,,,0,100,8,5648,14,,,0,93,,5639,14,0,5 6,0
