500,'4616',745,,4794,11,,,0,98,,4797,11,,,0,100,,4795,11,,,0,100,,4801,11,,,0,100,,4792,11,,,0,100,,4802,11,,,0,100,,4806,11,,,0,100,,4804,11,,,0,100,,4793,11,,,0,100,,4803,11,,,0,100,,4805,11,,,0,100,,4799,11,,,0,100,,4800,11,,,0,100,,4798,11,,,0,100,,4796,11,,,0
500,'5454',745,,4813,11,,,0,98,,4807,11,,,0,100,,4812,11,,,0,100,,4811,11,,,0,100,,4814,11,,,0,100,,4809,11,,,0,100,,4808,11,,,0,100,,4810,11,,,0,100,,4821,11,,,0,100,,4820,11,,,0,100,,4819,11,,,0,100,,4818,11,,,0,100,,4817,11,,,0,100,,4815,11,,,0,100,,4816,11,,,0
500,'5648',715,,4824,11,,,0,28,,4833,11,,,0,65,,4823,11,,,0,35,,4834,11,,,0,65,,4822,11,,,0,35,,4835,11,,,0,100,,4839,11,,,0,100,,4840,11,,,0,100,,4836,11,,,0,100,,4837,11,,,0,100,,4838,11,,,0,100,,4828,11,,,0,70,,4842,11,,,0,30,,4826,11,,,0,70,,4825,11,,,0,30,,4827,11,,,0,70,,4843,11,,,0,30,,4831,11,,,0,100,,4829,11,,,0,100,,4830,11,,,0,100,,4832,11,,,0,100,,4841,11,,,0
1101,'4616',754,3,5024,33,,,0,100,3,5025,33,,,0,100,3,5026,33,,,0,100,3,5027,33,,,0,100,3,5028,33,,,0,100,3,5029,33,,,0,100,3,5030,33,,,0,100,3,5031,33,,,0,100,3,5032,33,,,0,100,3,5033,33,,,0,100,3,5034,33,,,0
1101,'5648',724,3,5041,33,,,0,30,3,5040,33,,,0,70,3,5035,33,,,0,30,3,5046,33,,,0,70,3,5042,33,,,0,30,3,5036,33,,,0,70,3,5048,33,,,0,100,3,5037,33,,,0,100,3,5050,33,,,0,100,3,5043,33,,,0,100,3,5038,33,,,0,100,3,5045,33,,,0,22,,5049,34,,,0,78,3,5052,33,,,0,30,3,5047,33,,,0,70,3,5039,33,,,0,30,3,5051,33,,,0,70,3,5044,33,,,0,30,3,5053,33,,,0
1500,'4616',713,2,5080,2,,,0,100,2,5057,2,,,0,100,2,5058,2,,,0,100,2,5061,2,,,0,30,2,5060,2,,,0,70,2,5059,2,,,0,30,2,5063,2,,,0,70,2,5064,2,,,0,30,2,5065,2,,,0,70,2,5062,2,,,0,30,2,5070,2,,,0,70,2,5071,2,,,0,30,2,5069,2,,,0,70,2,5067,2,,,0,30,2,5073,2,,,0,70,2,5074,2,,,0,29,2,5072,2,,,0,71,2,5068,2,,,0,30,2,5075,2,,,0,70,2,5066,2,,,0,30,2,5081,2,,,0,70,2,5077,2,,,0,100,2,5078,2,,,0,100,2,5079,2,,,0,100,2,5076,2,,,0,100,2,5083,2,0,18 19,0,100,2,5082,2,0,18 19,0,100,2,5085,2,0,18 19,0,100,2,5084,2,0,18 19,0
1500,'5454',713,2,5109,2,,,0,100,2,5096,2,,,0,100,2,5091,2,,,0,100,2,5086,2,,,0,30,2,5103,2,,,0,70,2,5087,2,,,0,30,2,5104,2,,,0,70,2,5088,2,,,0,30,2,5105,2,,,0,70,2,5089,2,,,0,30,2,5101,2,,,0,70,2,5090,2,,,0,30,2,5102,2,,,0,70,2,5092,2,,,0,30,2,5106,2,,,0,70,2,5093,2,,,0,29,2,5107,2,,,0,71,2,5094,2,,,0,30,2,5108,2,,,0,70,2,5095,2,,,0,100,2,5098,2,,,0,100,2,5099,2,,,0,100,2,5100,2,,,0,100,2,5097,2,,,0
1500,'5648',643,,5114,1,,,0,100,2,5128,2,,,0,70,2,5110,2,,,0,13,,5150,2,,,0,30,,5144,2,,,0,57,2,5112,2,,,0,13,,5138,2,,,0,17,2,5127,2,,,0,13,,5132,2,,,0,70,,5148,2,,,0,17,2,5117,2,,,0,13,,5131,2,,,0,57,2,5111,2,,,0,13,,5143,2,,,0,30,,5133,2,,,0,57,2,5113,2,,,0,13,,5141,2,,,0,17,2,5119,2,,,0,13,,5135,2,,,0,70,,5149,2,,,0,17,2,5120,2,,,0,13,,5146,2,,,0,57,2,5115,2,,,0,13,,5145,2,,,0,30,,5137,2,,,0,57,2,5130,2,,,0,13,,5147,2,,,0,17,2,5118,2,,,0,13,,5134,2,,,0,70,,5142,2,,,0,17,2,5121,2,,,0,13,,5136,2,,,0,57,2,5129,2,,,0,13,,5139,2,,,0,30,,5140,2,,,0,57,2,5116,2,,,0,13,,5151,2,,,0,17,2,5122,2,,,0,100,2,5124,2,,,0,70,2,5126,2,,,0,100,2,5125,2,,,0,30,2,5123,2,,,0
1500,'5649',713,2,5152,2,,,0,130,2,5162,2,,,0,170,2,5154,2,,,0,130,2,5155,2,,,0,170,2,5153,2,,,0,130,2,5157,2,,,0,170,2,5161,2,,,0,130,2,5156,2,,,0,170,2,5159,2,,,0,130,2,5160,2,,,0,170,2,5158,2,,,0
1500,'5652',713,2,5163,2,,,0,130,2,5173,2,,,0,170,2,5165,2,,,0,130,2,5166,2,,,0,170,2,5164,2,,,0,130,2,5168,2,,,0,170,2,5172,2,,,0,130,2,5167,2,,,0,170,2,5170,2,,,0,130,2,5171,2,,,0,170,2,5169,2,,,0,100,2,5176,2,0,18 19,0,100,2,5177,2,0,18 19,0,100,2,5174,2,0,18 19,0,100,2,5175,2,0,18 19,0
