4600,'4616',809,,5387,1,,,0,100,,5396,1,,,0,100,,5400,1,,,0,100,,5392,1,,,0,100,,5389,1,,,0,100,,5393,1,,,0,100,,5395,1,,,0,100,,5397,1,,,0,100,,5390,1,,,0,100,,5398,1,,,0,100,,5394,1,,,0,100,,5388,1,,,0,100,,5399,1,,,0,100,,5391,1,0,12,0
4600,'5454',909,,5410,1,,,0,100,,5411,1,,,0,100,,5402,1,,,0,100,,5404,1,,,0,100,,5406,1,,,0,100,,5401,1,,,0,100,,5408,1,,,0,100,,5409,1,,,0,100,,5405,1,,,0,100,,5407,1,,,0,100,,5403,1,,,0
4600,'5648',736,,5419,1,,,0,100,,5421,1,,,0,100,,5420,1,,,0,100,,5424,1,,,0,100,,5422,1,,,0,100,,5423,1,,,0,100,,5425,1,,,0,100,,5412,1,,,0,100,,5413,1,,,0,100,,5414,1,,,0,100,,5415,1,,,0,100,,5416,1,,,0,100,,5418,1,,,0,100,,5417,1,,,0
4601,'4616',809,,5438,32,4,,0,100,,5426,32,4,,0,100,,5439,32,4,,0,100,,5427,32,4,,0,100,,5435,32,4,,0,100,,5432,32,4,,0,100,,5433,32,4,,0,100,,5434,32,4,,0,100,,5428,32,4,,0,100,,5436,32,4,,0,100,,5429,32,4,,0,100,,5437,32,4,,0,100,,5431,32,4,,0,100,,5430,32,4,,0
4601,'5454',909,,5446,32,4,,0,100,,5445,32,4,,0,100,,5447,32,4,,0,100,,5444,32,4,,0,100,,5443,32,4,,0,100,,5442,32,4,,0,100,,5440,32,4,,0,100,,5450,32,4,,0,100,,5449,32,4,,0,100,,5441,32,4,,0,100,,5448,32,4,,0
4601,'5648',732,,5457,32,4,,0,100,,5458,32,4,,0,100,,5459,32,4,,0,100,,5461,32,4,,0,100,,5462,32,4,,0,100,,5460,32,4,,0,100,,5463,32,4,,0,100,,5464,32,4,,0,100,,5456,32,4,,0,101,,5451,32,4,,0,100,,5453,32,4,,0,98,,5452,32,4,,0,100,,5454,32,4,,0,100,,5455,32,4,,0
4700,'5648',707,,5478,1,,,0,100,,5466,1,,,0,100,,5476,1,,,0,100,,5472,1,,,0,100,,5475,1,,,0,100,,5477,1,,,0,100,,5465,1,,,0,100,,5474,1,,,0,100,,5467,1,,,0,100,,5473,1,,,0,100,,5469,1,,,0,100,,5470,1,,,0,100,,5471,1,,,0,100,,5468,1,,,0
4701,'5648',803,,5487,18,4,,0,100,,5488,18,4,,0,100,,5491,18,4,,0,100,,5486,18,4,,0,100,,5489,18,4,,0,100,,5490,18,4,,0,100,,5479,18,4,,0,100,,5484,18,4,,0,100,,5482,18,4,,0,100,,5481,18,4,,0,100,,5485,18,4,,0,100,,5480,18,4,,0,100,,5483,18,4,,0
8801,'4616',727,,5585,23,,,0,30,,5609,23,,,0,70,,5587,23,,,0,30,,5608,23,,,0,70,,5589,23,,,0,30,,5604,23,,,0,70,,5590,23,,,0,30,,5606,23,,,0,70,,5586,23,,,0,30,,5605,23,,,0,70,,5592,23,,,0,30,,5607,23,,,0,70,,5593,23,,,0,30,,5602,23,,,0,70,,5591,23,,,0,30,,5612,23,,,0,70,,5594,23,,,0,30,,5603,23,,,0,70,,5595,23,,,0,30,,5610,23,,,0,70,,5588,23,,,0,30,,5611,23,,,0,70,,5597,23,,,0,100,,5598,23,,,0,100,,5599,23,,,0,100,,5596,23,,,0,100,,5600,23,,,0,90,,5601,23,4,,0
8801,'5454',727,,5626,23,,,0,100,,5625,23,,,0,100,,5620,23,,,0,100,,5614,23,,,0,100,,5615,23,,,0,30,,5634,23,,,0,70,,5616,23,,,0,30,,5633,23,,,0,70,,5617,23,,,0,30,,5630,23,,,0,70,,5618,23,,,0,30,,5631,23,,,0,70,,5613,23,,,0,30,,5632,23,,,0,70,,5619,23,,,0,30,,5635,23,,,0,70,,5621,23,,,0,100,,5622,23,,,0,100,,5623,23,,,0,100,,5624,23,,,0,100,,5627,23,,,0,100,,5628,23,,,0,90,,5629,23,4,,0
8801,'5648',657,,5665,23,,,0,70,,5658,23,,,0,30,,5667,23,,,0,62,,5653,23,,,0,20,,5659,23,,,0,18,,5662,23,,,0,63,,5657,23,,,0,19,,5660,23,,,0,18,,5666,23,,,0,70,,5638,23,,,0,30,,5646,23,,,0,70,,5652,23,,,0,30,,5668,23,,,0,70,,5640,23,,,0,30,,5647,23,,,0,70,,5655,23,,,0,30,,5651,23,,,0,70,,5636,23,,,0,30,,5645,23,,,0,58,,5669,23,,,0,20,,5654,23,,,0,22,,5661,23,,,0,58,,5649,23,,,0,20,,5643,23,,,0,22,,5637,23,,,0,58,,5670,23,,,0,20,,5664,23,,,0,22,,5663,23,,,0,70,,5644,23,,,0,30,,5642,23,,,0,70,,5650,23,,,0,30,,5656,23,,,0,100,,5641,23,,,0,100,,5648,23,,,0,91,,5639,23,4,,0
16100,'4616',1106,,5847,29,,,0
16100,'5651',1106,,5848,29,,,0
