1000,'4616',747,,4896,17,4,,0,70,,4897,17,4,,0,30,,4898,17,4,,0,70,,4899,17,4,,0,30,,4903,17,4,,0,70,,4902,17,4,,0,30,,4901,17,4,,0,70,,4900,17,4,,0,30,,4904,17,4,,0,70,,4905,17,4,,0,30,,4906,17,4,,0,70,,4907,17,4,,0,30,,4908,17,4,,0,70,,4909,17,4,,0,30,,4910,17,4,,0,70,,4911,17,4,,0,30,,4912,17,4,,0,70,,4914,17,4,,0,30,,4913,17,4,,0,70,,4915,17,4,,0,30,,4916,17,4,,0,70,,4921,17,4,,0,30,,4918,17,4,,0,100,,4917,17,4,,0,100,,4920,17,4,,0,100,,4919,17,4,,0
1000,'5454',947,,4922,17,4,,0,100,,4925,17,4,,0,100,,4923,17,4,,0,100,,4924,17,4,,0,100,,4926,17,4,,0,100,,4927,17,4,,0,100,,4929,17,4,,0,100,,4928,17,4,,0,100,,4930,17,4,,0,100,,4931,17,4,,0
1000,'5648',647,,4959,17,4,,0,70,,4946,17,4,,0,30,,4947,17,4,,0,72,,4940,17,4,,0,28,,4933,17,4,,0,70,,4949,17,4,,0,30,,4942,17,4,,0,70,,4932,17,4,,0,30,,4951,17,4,,0,70,,4941,17,4,,0,30,,4954,17,4,,0,70,,4939,17,4,,0,30,,4956,17,4,,0,70,,4955,17,4,,0,30,,4934,17,4,,0,70,,4936,17,4,,0,30,,4960,17,4,,0,70,,4943,17,4,,0,30,,4948,17,4,,0,70,,4935,17,4,,0,30,,4945,17,4,,0,70,,4952,17,4,,0,30,,4937,17,4,,0,70,,4944,17,4,,0,30,,4950,17,4,,0,70,,4957,17,4,,0,30,,4938,17,4,,0,100,,4953,17,4,,0,100,,4958,17,4,,0
1001,'4616',747,,4961,1,,,0,70,,4962,1,,,0,30,,4966,1,,,0,70,,4965,1,,,0,30,,4964,1,,,0,70,,4963,1,,,0,30,,4967,1,,,0,70,,4968,1,,,0,30,,4969,1,,,0,70,,4971,1,,,0,30,,4970,1,,,0,70,,4972,1,,,0,30,,4974,1,,,0,70,,4973,1,,,0,30,,4975,1,,,0,70,,4976,1,,,0,30,,4977,1,,,0,70,,4980,1,,,0,30,,4979,1,,,0,70,,4981,1,,,0,30,,4978,1,,,0,100,,4982,1,,,0,100,,4983,1,,,0,100,,4984,1,,,0
1001,'5454',947,,4985,1,,,0,100,,4986,1,,,0,100,,4987,1,,,0,100,,4988,1,,,0,100,,4990,1,,,0,100,,4989,1,,,0,100,,4991,1,,,0,100,,4992,1,,,0,100,,4993,1,,,0,100,,4994,1,,,0
1001,'5648',647,,5022,1,,,0,70,,5009,1,,,0,30,,5010,1,,,0,72,,5000,1,,,0,28,,4996,1,,,0,70,,5014,1,,,0,30,,5003,1,,,0,70,,4995,1,,,0,30,,5017,1,,,0,70,,5004,1,,,0,30,,5020,1,,,0,70,,5005,1,,,0,30,,5021,1,,,0,70,,5018,1,,,0,30,,4997,1,,,0,70,,4999,1,,,0,30,,5023,1,,,0,70,,5006,1,,,0,30,,5011,1,,,0,70,,4998,1,,,0,30,,5007,1,,,0,70,,5015,1,,,0,30,,5001,1,,,0,70,,5013,1,,,0,30,,5008,1,,,0,70,,5002,1,,,0,30,,5019,1,,,0,100,,5012,1,,,0,100,,5016,1,,,0
1500,'4616',732,,5080,23,4,,0,100,,5057,23,4,,0,100,,5058,23,4,,0,100,,5061,23,4,,0,70,,5060,23,4,,0,30,,5059,23,4,,0,70,,5063,23,4,,0,30,,5064,23,4,,0,70,,5065,23,4,,0,30,,5062,23,4,,0,70,,5070,23,4,,0,30,,5071,23,4,,0,70,,5069,23,4,,0,30,,5067,23,4,,0,70,,5073,23,4,,0,30,,5074,23,4,,0,69,,5072,23,4,,0,31,,5068,23,4,,0,70,,5075,23,4,,0,30,,5066,23,4,,0,70,,5081,23,4,,0,30,,5077,23,4,,0,100,,5078,23,4,,0,100,,5079,23,4,,0,100,,5076,23,4,,0,97,,5083,25,4,,0,100,,5082,25,4,,0,100,,5085,25,4,,0,100,,5084,25,4,,0
1500,'5454',732,,5109,23,4,,0,100,,5096,23,4,,0,100,,5091,23,4,,0,100,,5086,23,4,,0,70,,5103,23,4,,0,30,,5087,23,4,,0,70,,5104,23,4,,0,30,,5088,23,4,,0,70,,5105,23,4,,0,30,,5089,23,4,,0,70,,5101,23,4,,0,30,,5090,23,4,,0,70,,5102,23,4,,0,30,,5092,23,4,,0,70,,5106,23,4,,0,30,,5093,23,4,,0,69,,5107,23,4,,0,31,,5094,23,4,,0,70,,5108,23,4,,0,30,,5095,23,4,,0,100,,5098,23,4,,0,100,,5099,23,4,,0,100,,5100,23,4,,0,100,,5097,23,4,,0
1500,'5648',702,,5114,22,4,,0,100,,5128,23,4,,0,30,,5110,23,4,,0,11,,5150,23,4,,0,70,,5144,23,4,,0,19,,5112,23,4,,0,11,,5138,23,4,,0,59,,5127,23,4,,0,11,,5132,23,4,,0,30,,5148,23,4,,0,59,,5117,23,4,,0,11,,5131,23,4,,0,19,,5111,23,4,,0,11,,5143,23,4,,0,70,,5133,23,4,,0,19,,5113,23,4,,0,11,,5141,23,4,,0,59,,5119,23,4,,0,11,,5135,23,4,,0,30,,5149,23,4,,0,59,,5120,23,4,,0,11,,5146,23,4,,0,19,,5115,23,4,,0,11,,5145,23,4,,0,70,,5137,23,4,,0,19,,5130,23,4,,0,11,,5147,23,4,,0,59,,5118,23,4,,0,11,,5134,23,4,,0,30,,5142,23,4,,0,59,,5121,23,4,,0,11,,5136,23,4,,0,19,,5129,23,4,,0,11,,5139,23,4,,0,70,,5140,23,4,,0,19,,5116,23,4,,0,11,,5151,23,4,,0,59,,5122,23,4,,0,100,,5124,23,4,,0,30,,5126,23,4,,0,100,,5125,23,4,,0,70,,5123,23,4,,0
1500,'5649',732,,5152,23,4,,0,170,,5162,23,4,,0,130,,5154,23,4,,0,170,,5155,23,4,,0,130,,5153,23,4,,0,170,,5157,23,4,,0,130,,5161,23,4,,0,170,,5156,23,4,,0,130,,5159,23,4,,0,170,,5160,23,4,,0,130,,5158,23,4,,0
1500,'5652',732,,5163,23,4,,0,170,,5173,23,4,,0,130,,5165,23,4,,0,170,,5166,23,4,,0,130,,5164,23,4,,0,170,,5168,23,4,,0,130,,5172,23,4,,0,170,,5167,23,4,,0,130,,5170,23,4,,0,170,,5171,23,4,,0,130,,5169,23,4,,0,97,,5176,25,4,,0,100,,5177,25,4,,0,100,,5174,25,4,,0,100,,5175,25,4,,0
1501,'4616',636,,5202,1,,,0,100,,5178,1,,,0,100,,5179,1,,,0,100,,5181,1,,,0,100,,5182,1,,,0,70,,5180,1,,,0,30,,5184,1,,,0,70,,5183,1,,,0,30,,5188,1,,,0,70,,5185,1,,,0,30,,5186,1,,,0,70,,5190,1,,,0,30,,5187,1,,,0,70,,5191,1,,,0,30,,5189,1,,,0,70,,5192,1,,,0,30,,5193,1,,,0,70,,5194,1,,,0,30,,5195,1,,,0,70,,5201,1,,,0,30,,5197,1,,,0,100,,5199,1,,,0,100,,5196,1,,,0,100,,5200,1,,,0,100,,5198,1,,,0,100,,5203,1,0,18 13,0,100,,5206,1,0,18 13,0,100,,5205,1,0,18 13,0,100,,5204,1,0,18 13,0
1501,'5454',636,,5230,1,,,0,100,,5218,1,,,0,100,,5216,1,,,0,100,,5207,1,,,0,100,,5208,1,,,0,70,,5224,1,,,0,30,,5209,1,,,0,70,,5225,1,,,0,30,,5210,1,,,0,70,,5226,1,,,0,30,,5211,1,,,0,70,,5223,1,,,0,30,,5212,1,,,0,70,,5227,1,,,0,30,,5213,1,,,0,70,,5228,1,,,0,30,,5214,1,,,0,70,,5229,1,,,0,30,,5215,1,,,0,100,,5217,1,,,0,100,,5219,1,,,0,100,,5220,1,,,0,100,,5221,1,,,0,100,,5222,1,,,0
1501,'5648',637,,5243,1,,,0,69,,5247,1,,,0,45,,5256,1,,,0,55,,5250,1,,,0,15,,5269,1,,,0,15,,5237,1,,,0,15,,5258,1,,,0,70,,5262,1,,,0,15,,5238,1,,,0,15,,5268,1,,,0,55,,5231,1,,,0,15,,5261,1,,,0,30,,5257,1,,,0,55,,5232,1,,,0,15,,5264,1,,,0,15,,5239,1,,,0,15,,5263,1,,,0,70,,5265,1,,,0,15,,5240,1,,,0,15,,5267,1,,,0,55,,5233,1,,,0,15,,5270,1,,,0,30,,5272,1,,,0,55,,5234,1,,,0,15,,5251,1,,,0,15,,5241,1,,,0,15,,5260,1,,,0,70,,5252,1,,,0,15,,5249,1,,,0,15,,5259,1,,,0,55,,5235,1,,,0,15,,5254,1,,,0,30,,5271,1,,,0,55,,5236,1,,,0,15,,5255,1,,,0,15,,5248,1,,,0,15,,5266,1,,,0,70,,5253,1,,,0,15,,5242,1,,,0,70,,5246,1,,,0,100,,5245,1,,,0,200,,5244,1,,,0
1501,'5649',736,,5274,1,,,0,170,,5281,1,,,0,130,,5277,1,,,0,170,,5280,1,,,0,130,,5278,1,,,0,170,,5279,1,,,0,130,,5282,1,,,0,170,,5273,1,,,0,130,,5276,1,,,0,170,,5275,1,,,0
1501,'5652',736,,5284,1,,,0,170,,5291,1,,,0,130,,5287,1,,,0,170,,5290,1,,,0,130,,5288,1,,,0,170,,5289,1,,,0,130,,5292,1,,,0,170,,5283,1,,,0,130,,5286,1,,,0,170,,5285,1,,,0,130,,5296,1,0,18 13,0,100,,5297,1,0,18 13,0,100,,5295,1,0,18 13,0,100,,5294,1,0,18 13,0,100,,5293,1,0,18 13,0
4600,'4616',831,,5387,26,4,,0,100,,5396,26,4,,0,100,,5400,26,4,,0,100,,5392,26,4,,0,100,,5389,26,4,,0,100,,5393,26,4,,0,100,,5395,26,4,,0,100,,5397,26,4,,0,100,,5390,26,4,,0,100,,5398,26,4,,0,100,,5394,26,4,,0,100,,5388,26,4,,0,100,,5399,26,4,,0
4600,'5454',931,,5410,26,4,,0,100,,5411,26,4,,0,100,,5402,26,4,,0,100,,5404,26,4,,0,100,,5406,26,4,,0,100,,5401,26,4,,0,100,,5408,26,4,,0,100,,5409,26,4,,0,100,,5405,26,4,,0,100,,5407,26,4,,0,100,,5403,26,4,,0
4600,'5648',800,,5419,26,4,,0,102,,5421,26,4,,0,99,,5420,26,4,,0,100,,5424,26,4,,0,100,,5422,26,4,,0,100,,5423,26,4,,0,100,,5425,26,4,,0,100,,5412,26,4,,0,100,,5413,26,4,,0,100,,5414,26,4,,0,99,,5415,26,4,,0,100,,5416,26,4,,0,59,,5418,26,4,,0,100,,5417,26,4,,0
4601,'4616',737,,5438,1,,,0,100,,5426,1,,,0,100,,5439,1,,,0,100,,5427,1,,,0,100,,5435,1,,,0,100,,5432,1,,,0,100,,5433,1,,,0,100,,5434,1,,,0,100,,5428,1,,,0,100,,5436,1,,,0,100,,5429,1,,,0,100,,5437,1,,,0,100,,5431,1,,,0,100,,5430,1,,,0
4601,'5454',837,,5446,1,,,0,100,,5445,1,,,0,100,,5447,1,,,0,100,,5444,1,,,0,100,,5443,1,,,0,100,,5442,1,,,0,100,,5440,1,,,0,100,,5450,1,,,0,100,,5449,1,,,0,100,,5441,1,,,0,100,,5448,1,,,0
4601,'5648',704,,5457,1,,,0,100,,5458,1,,,0,100,,5459,1,,,0,100,,5461,1,,,0,100,,5462,1,,,0,100,,5460,1,,,0,100,,5463,1,,,0,100,,5464,1,,,0,100,,5456,1,,,0,100,,5451,1,,,0,100,,5453,1,,,0,100,,5452,1,,,0,100,,5454,1,,,0,100,,5455,1,,,0
4700,'5648',736,,5478,38,4,,0,103,,5466,38,4,,0,99,,5476,38,4,,0,100,,5472,38,4,,0,100,,5475,38,4,,0,100,,5477,38,4,,0,100,,5465,38,4,,0,100,,5474,38,4,,0,101,,5467,38,4,,0,100,,5473,38,4,,0,99,,5469,38,4,,0,98,,5470,38,4,,0,100,,5471,38,4,,0,100,,5468,38,4,,0
4701,'5648',742,,5487,1,,,0,100,,5488,1,,,0,100,,5491,1,,,0,100,,5486,1,,,0,100,,5489,1,,,0,100,,5490,1,,,0,100,,5479,1,,,0,100,,5484,1,,,0,100,,5482,1,,,0,100,,5481,1,,,0,100,,5485,1,,,0,100,,5480,1,,,0,100,,5483,1,,,0
