1500,'4616',725,,5080,14,,,0,100,,5057,14,,,0,100,,5058,14,,,0,100,,5061,14,,,0,30,,5060,14,,,0,70,,5059,14,,,0,30,,5063,14,,,0,70,,5064,14,,,0,30,,5065,14,,,0,70,,5062,14,,,0,30,,5070,14,,,0,70,,5071,14,,,0,30,,5069,14,,,0,70,,5067,14,,,0,30,,5073,14,,,0,70,,5074,14,,,0,29,,5072,14,,,0,71,,5068,14,,,0,30,,5075,14,,,0,70,,5066,14,,,0,30,,5081,14,,,0,70,,5077,14,,,0,100,,5078,14,,,0,100,,5079,14,,,0,100,,5076,14,,,0,100,,5083,16,0,18 19,0,100,,5082,16,0,18 19,0,100,,5085,16,0,18 19,0,100,,5084,16,0,18 19,0
1500,'5454',725,,5109,14,,,0,100,,5096,14,,,0,100,,5091,14,,,0,100,,5086,14,,,0,30,,5103,14,,,0,70,,5087,14,,,0,30,,5104,14,,,0,70,,5088,14,,,0,30,,5105,14,,,0,70,,5089,14,,,0,30,,5101,14,,,0,70,,5090,14,,,0,30,,5102,14,,,0,70,,5092,14,,,0,30,,5106,14,,,0,70,,5093,14,,,0,29,,5107,14,,,0,71,,5094,14,,,0,30,,5108,14,,,0,70,,5095,14,,,0,100,,5098,14,,,0,100,,5099,14,,,0,100,,5100,14,,,0,100,,5097,14,,,0
1500,'5648',655,,5114,13,,,0,100,,5128,14,,,0,70,,5110,14,,,0,11,,5150,14,,,0,70,,5144,14,,,0,19,,5112,14,,,0,11,,5138,14,,,0,19,,5127,14,,,0,51,,5132,14,,,0,30,,5148,14,,,0,19,,5117,14,,,0,51,,5131,14,,,0,19,,5111,14,,,0,11,,5143,14,,,0,70,,5133,14,,,0,19,,5113,14,,,0,11,,5141,14,,,0,19,,5119,14,,,0,51,,5135,14,,,0,30,,5149,14,,,0,19,,5120,14,,,0,51,,5146,14,,,0,19,,5115,14,,,0,11,,5145,14,,,0,70,,5137,14,,,0,19,,5130,14,,,0,11,,5147,14,,,0,19,,5118,14,,,0,51,,5134,14,,,0,30,,5142,14,,,0,19,,5121,14,,,0,51,,5136,14,,,0,19,,5129,14,,,0,11,,5139,14,,,0,70,,5140,14,,,0,19,,5116,14,,,0,11,,5151,14,,,0,19,,5122,14,,,0,100,,5124,14,,,0,70,,5126,14,,,0,100,,5125,14,,,0,30,,5123,14,,,0
1500,'5649',725,,5152,14,,,0,130,,5162,14,,,0,170,,5154,14,,,0,130,,5155,14,,,0,170,,5153,14,,,0,130,,5157,14,,,0,170,,5161,14,,,0,130,,5156,14,,,0,170,,5159,14,,,0,130,,5160,14,,,0,170,,5158,14,,,0
1500,'5652',725,,5163,14,,,0,130,,5173,14,,,0,170,,5165,14,,,0,130,,5166,14,,,0,170,,5164,14,,,0,130,,5168,14,,,0,170,,5172,14,,,0,130,,5167,14,,,0,170,,5170,14,,,0,130,,5171,14,,,0,170,,5169,14,,,0,100,,5176,16,0,18 19,0,100,,5177,16,0,18 19,0,100,,5174,16,0,18 19,0,100,,5175,16,0,18 19,0
4600,'4616',824,,5387,17,,,0,100,,5396,17,,,0,100,,5400,17,,,0,100,,5392,17,,,0,100,,5389,17,,,0,100,,5393,17,,,0,100,,5395,17,,,0,100,,5397,17,,,0,100,,5390,17,,,0,100,,5398,17,,,0,100,,5394,17,,,0,100,,5388,17,,,0,100,,5399,17,,,0
4600,'5454',924,,5410,17,,,0,100,,5411,17,,,0,100,,5402,17,,,0,100,,5404,17,,,0,100,,5406,17,,,0,100,,5401,17,,,0,100,,5408,17,,,0,100,,5409,17,,,0,100,,5405,17,,,0,100,,5407,17,,,0,100,,5403,17,,,0
4600,'5648',752,,5419,17,,,0,101,,5421,17,,,0,99,,5420,17,,,0,100,,5424,17,,,0,100,,5422,17,,,0,100,,5423,17,,,0,100,,5425,17,,,0,100,,5412,17,,,0,100,,5413,17,,,0,100,,5414,17,,,0,100,,5415,17,,,0,100,,5416,17,,,0,99,,5418,17,,,0,100,,5417,17,,,0
55019,'4616',811,,5492,27,,,0,108,,5493,27,,,0,100,,5498,27,,,0,100,,5495,27,,,0,100,,5497,27,,,0,100,,5496,27,,,0,100,,5494,27,,,0,100,,5505,27,,,0,100,,5501,27,,,0,100,,5506,27,,,0,100,,5503,27,,,0,100,,5500,27,,,0,100,,5504,27,,,0,100,,5499,27,,,0,100,,5502,27,,,0
55019,'5454',919,,5511,27,,,0,100,,5517,27,,,0,100,,5510,27,,,0,100,,5507,27,,,0,100,,5512,27,,,0,100,,5509,27,,,0,100,,5513,27,,,0,100,,5508,27,,,0,100,,5516,27,,,0,100,,5515,27,,,0,100,,5514,27,,,0
55019,'5648',750,,5530,27,,,0,80,,5528,27,,,0,20,,5531,27,,,0,80,,5527,27,,,0,20,,5532,27,,,0,100,,5522,27,,,0,100,,5518,27,,,0,100,,5534,27,,,0,100,,5533,27,,,0,98,,5525,27,,,0,104,,5529,27,,,0,72,,5537,27,,,0,29,,5519,27,,,0,72,,5526,27,,,0,29,,5520,27,,,0,71,,5535,27,,,0,28,,5521,27,,,0,71,,5536,27,,,0,26,,5523,27,,,0,100,,5524,27,,,0
