500,'4616',807,,4794,36,,,0,98,,4797,36,,,0,100,,4795,36,,,0,100,,4801,36,,,0,100,,4792,36,,,0,100,,4802,36,,,0,100,,4806,36,,,0,100,,4804,36,,,0,100,,4793,36,,,0,100,,4803,36,,,0,100,,4805,36,,,0,100,,4799,36,,,0,100,,4800,36,,,0,100,,4798,36,,,0,100,,4796,36,,,0
500,'5454',807,,4813,36,,,0,98,,4807,36,,,0,100,,4812,36,,,0,100,,4811,36,,,0,100,,4814,36,,,0,100,,4809,36,,,0,100,,4808,36,,,0,100,,4810,36,,,0,100,,4821,36,,,0,100,,4820,36,,,0,100,,4819,36,,,0,100,,4818,36,,,0,100,,4817,36,,,0,100,,4815,36,,,0,100,,4816,36,,,0
500,'5648',737,,4824,36,,,0,68,,4833,36,,,0,25,,4823,36,,,0,75,,4834,36,,,0,25,,4822,36,,,0,75,,4835,36,,,0,100,,4839,36,,,0,100,,4840,36,,,0,100,,4836,36,,,0,100,,4837,36,,,0,100,,4838,36,,,0,100,,4828,36,,,0,30,,4842,36,,,0,70,,4826,36,,,0,30,,4825,36,,,0,70,,4827,36,,,0,30,,4843,36,,,0,70,,4831,36,,,0,100,,4829,36,,,0,100,,4830,36,,,0,100,,4832,36,,,0,100,,4841,36,,,0
1000,'4616',747,,4896,16,,,0,70,,4897,16,,,0,30,,4898,16,,,0,70,,4899,16,,,0,30,,4903,16,,,0,70,,4902,16,,,0,30,,4901,16,,,0,70,,4900,16,,,0,30,,4904,16,,,0,70,,4905,16,,,0,30,,4906,16,,,0,70,,4907,16,,,0,30,,4908,16,,,0,70,,4909,16,,,0,30,,4910,16,,,0,70,,4911,16,,,0,30,,4912,16,,,0,70,,4914,16,,,0,30,,4913,16,,,0,70,,4915,16,,,0,30,,4916,16,,,0,70,,4921,16,,,0,30,,4918,16,,,0,100,,4917,16,,,0,100,,4920,16,,,0,100,,4919,16,,,0
1000,'5454',947,,4922,16,,,0,100,,4925,16,,,0,100,,4923,16,,,0,100,,4924,16,,,0,100,,4926,16,,,0,100,,4927,16,,,0,100,,4929,16,,,0,100,,4928,16,,,0,100,,4930,16,,,0,100,,4931,16,,,0
1000,'5648',647,,4959,16,,,0,70,,4946,16,,,0,30,,4947,16,,,0,72,,4940,16,,,0,28,,4933,16,,,0,70,,4949,16,,,0,30,,4942,16,,,0,70,,4932,16,,,0,30,,4951,16,,,0,70,,4941,16,,,0,30,,4954,16,,,0,70,,4939,16,,,0,30,,4956,16,,,0,70,,4955,16,,,0,30,,4934,16,,,0,70,,4936,16,,,0,30,,4960,16,,,0,70,,4943,16,,,0,30,,4948,16,,,0,70,,4935,16,,,0,30,,4945,16,,,0,70,,4952,16,,,0,30,,4937,16,,,0,70,,4944,16,,,0,30,,4950,16,,,0,70,,4957,16,,,0,30,,4938,16,,,0,100,,4953,16,,,0,100,,4958,16,,,0
1500,'4616',732,,5080,22,,,0,100,,5057,22,,,0,100,,5058,22,,,0,100,,5061,22,,,0,70,,5060,22,,,0,30,,5059,22,,,0,70,,5063,22,,,0,30,,5064,22,,,0,70,,5065,22,,,0,30,,5062,22,,,0,70,,5070,22,,,0,30,,5071,22,,,0,70,,5069,22,,,0,30,,5067,22,,,0,70,,5073,22,,,0,30,,5074,22,,,0,69,,5072,22,,,0,31,,5068,22,,,0,70,,5075,22,,,0,30,,5066,22,,,0,70,,5081,22,,,0,30,,5077,22,,,0,100,,5078,22,,,0,100,,5079,22,,,0,100,,5076,22,,,0,97,,5083,24,0,18 19,0,100,,5082,24,0,18 19,0,100,,5085,24,0,18 19,0,100,,5084,24,0,18 19,0
1500,'5454',732,,5109,22,,,0,100,,5096,22,,,0,100,,5091,22,,,0,100,,5086,22,,,0,70,,5103,22,,,0,30,,5087,22,,,0,70,,5104,22,,,0,30,,5088,22,,,0,70,,5105,22,,,0,30,,5089,22,,,0,70,,5101,22,,,0,30,,5090,22,,,0,70,,5102,22,,,0,30,,5092,22,,,0,70,,5106,22,,,0,30,,5093,22,,,0,69,,5107,22,,,0,31,,5094,22,,,0,70,,5108,22,,,0,30,,5095,22,,,0,100,,5098,22,,,0,100,,5099,22,,,0,100,,5100,22,,,0,100,,5097,22,,,0
1500,'5648',702,,5114,21,,,0,100,,5128,22,,,0,30,,5110,22,,,0,11,,5150,22,,,0,70,,5144,22,,,0,19,,5112,22,,,0,11,,5138,22,,,0,59,,5127,22,,,0,11,,5132,22,,,0,30,,5148,22,,,0,59,,5117,22,,,0,11,,5131,22,,,0,19,,5111,22,,,0,11,,5143,22,,,0,70,,5133,22,,,0,19,,5113,22,,,0,11,,5141,22,,,0,59,,5119,22,,,0,11,,5135,22,,,0,30,,5149,22,,,0,59,,5120,22,,,0,11,,5146,22,,,0,19,,5115,22,,,0,11,,5145,22,,,0,70,,5137,22,,,0,19,,5130,22,,,0,11,,5147,22,,,0,59,,5118,22,,,0,11,,5134,22,,,0,30,,5142,22,,,0,59,,5121,22,,,0,11,,5136,22,,,0,19,,5129,22,,,0,11,,5139,22,,,0,70,,5140,22,,,0,19,,5116,22,,,0,11,,5151,22,,,0,59,,5122,22,,,0,100,,5124,22,,,0,30,,5126,22,,,0,100,,5125,22,,,0,70,,5123,22,,,0
1500,'5649',732,,5152,22,,,0,170,,5162,22,,,0,130,,5154,22,,,0,170,,5155,22,,,0,130,,5153,22,,,0,170,,5157,22,,,0,130,,5161,22,,,0,170,,5156,22,,,0,130,,5159,22,,,0,170,,5160,22,,,0,130,,5158,22,,,0
1500,'5652',732,,5163,22,,,0,170,,5173,22,,,0,130,,5165,22,,,0,170,,5166,22,,,0,130,,5164,22,,,0,170,,5168,22,,,0,130,,5172,22,,,0,170,,5167,22,,,0,130,,5170,22,,,0,170,,5171,22,,,0,130,,5169,22,,,0,97,,5176,24,0,18 19,0,100,,5177,24,0,18 19,0,100,,5174,24,0,18 19,0,100,,5175,24,0,18 19,0
4600,'4616',831,,5387,25,,,0,100,,5396,25,,,0,100,,5400,25,,,0,100,,5392,25,,,0,100,,5389,25,,,0,100,,5393,25,,,0,100,,5395,25,,,0,100,,5397,25,,,0,100,,5390,25,,,0,100,,5398,25,,,0,100,,5394,25,,,0,100,,5388,25,,,0,100,,5399,25,,,0
4600,'5454',931,,5410,25,,,0,100,,5411,25,,,0,100,,5402,25,,,0,100,,5404,25,,,0,100,,5406,25,,,0,100,,5401,25,,,0,100,,5408,25,,,0,100,,5409,25,,,0,100,,5405,25,,,0,100,,5407,25,,,0,100,,5403,25,,,0
4600,'5648',759,,5419,25,,,0,142,,5421,25,,,0,99,,5420,25,,,0,100,,5424,25,,,0,100,,5422,25,,,0,100,,5423,25,,,0,100,,5425,25,,,0,100,,5412,25,,,0,100,,5413,25,,,0,100,,5414,25,,,0,59,,5415,25,,,0,100,,5416,25,,,0,99,,5418,25,,,0,100,,5417,25,,,0
4700,'5648',736,,5478,37,,,0,103,,5466,37,,,0,99,,5476,37,,,0,100,,5472,37,,,0,100,,5475,37,,,0,100,,5477,37,,,0,100,,5465,37,,,0,100,,5474,37,,,0,101,,5467,37,,,0,100,,5473,37,,,0,99,,5469,37,,,0,98,,5470,37,,,0,100,,5471,37,,,0,100,,5468,37,,,0
