1601,'4616',836,,5301,3,,,0,100,,5299,3,,,0,70,,5314,3,,,0,30,,5298,3,,,0,70,,5316,3,,,0,30,,5306,3,,,0,70,,5318,3,,,0,30,,5307,3,,,0,70,,5319,3,,,0,30,,5303,3,,,0,70,,5315,3,,,0,30,,5305,3,,,0,70,,5317,3,,,0,30,,5308,3,,,0,70,,5320,3,,,0,30,,5309,3,,,0,100,,5310,3,,,0,100,,5304,3,,,0,100,,5311,3,,,0,100,,5312,3,,,0,100,,5313,3,,,0,71,,5302,3,,,0
1601,'5454',937,,5321,3,,,0,100,,5322,3,,,0,100,,5323,3,,,0,100,,5326,3,,,0,100,,5327,3,,,0,100,,5328,3,,,0,100,,5324,3,,,0,100,,5325,3,,,0,100,,5329,3,,,0
1601,'5648',706,,5331,3,,,0,30,,5333,3,,,0,100,,5334,3,,,0,70,,5340,3,,,0,100,,5341,3,,,0,30,,5335,3,,,0,100,,5330,3,,,0,70,,5343,3,,,0,100,,5344,3,,,0,30,,5336,3,,,0,100,,5337,3,,,0,70,,5342,3,,,0,100,,5345,3,,,0,30,,5332,3,,,0,100,,5338,3,,,0,70,,5346,3,,,0,100,,5347,3,,,0,130,,5339,3,,,0
1601,'5649',806,,5354,3,,,0,130,,5351,3,,,0,170,,5353,3,,,0,130,,5349,3,,,0,170,,5356,3,,,0,130,,5350,3,,,0,170,,5357,3,,,0,130,,5355,3,,,0,170,,5358,3,,,0,130,,5352,3,,,0
1601,'5652',806,,5365,3,,,0,130,,5362,3,,,0,170,,5364,3,,,0,130,,5360,3,,,0,170,,5367,3,,,0,130,,5361,3,,,0,170,,5368,3,,,0,130,,5366,3,,,0,170,,5369,3,,,0,130,,5363,3,,,0
1900,'4616',806,,5370,3,,,0,100,,5371,3,,,0,800,,5372,3,,,0,100,,5374,3,,,0,100,,5373,3,,,0,100,,5375,3,,,0,100,,5376,3,,,0
1900,'5454',906,,5385,3,,,0,100,,5377,3,,,0,100,,5379,3,,,0,100,,5380,3,,,0,100,,5381,3,,,0,100,,5378,3,,,0,100,,5382,3,,,0,100,,5383,3,,,0,100,,5384,3,,,0,100,,5386,3,,,0
8801,'4616',736,,5585,34,,,0,70,,5609,34,,,0,30,,5587,34,,,0,70,,5608,34,,,0,30,,5589,34,,,0,70,,5604,34,,,0,30,,5590,34,,,0,70,,5606,34,,,0,30,,5586,34,,,0,70,,5605,34,,,0,30,,5592,34,,,0,70,,5607,34,,,0,30,,5593,34,,,0,70,,5602,34,,,0,30,,5591,34,,,0,70,,5612,34,,,0,30,,5594,34,,,0,70,,5603,34,,,0,30,,5595,34,,,0,70,,5610,34,,,0,30,,5588,34,,,0,70,,5611,34,,,0,30,,5597,34,,,0,100,,5598,34,,,0,100,,5599,34,,,0,100,,5596,34,,,0,100,,5600,34,,,0
8801,'5454',736,,5626,34,,,0,100,,5625,34,,,0,100,,5620,34,,,0,100,,5614,34,,,0,100,,5615,34,,,0,70,,5634,34,,,0,30,,5616,34,,,0,70,,5633,34,,,0,30,,5617,34,,,0,70,,5630,34,,,0,30,,5618,34,,,0,70,,5631,34,,,0,30,,5613,34,,,0,70,,5632,34,,,0,30,,5619,34,,,0,70,,5635,34,,,0,30,,5621,34,,,0,100,,5622,34,,,0,100,,5623,34,,,0,100,,5624,34,,,0,100,,5627,34,,,0,100,,5628,34,,,0
8801,'5648',706,,5665,34,,,0,30,,5658,34,,,0,70,,5667,34,,,0,22,,5653,34,,,0,20,,5659,34,,,0,58,,5662,34,,,0,23,,5657,34,,,0,19,,5660,34,,,0,58,,5666,34,,,0,30,,5638,34,,,0,70,,5646,34,,,0,30,,5652,34,,,0,70,,5668,34,,,0,30,,5640,34,,,0,70,,5647,34,,,0,30,,5655,34,,,0,70,,5651,34,,,0,30,,5636,34,,,0,70,,5645,34,,,0,18,,5669,34,,,0,20,,5654,34,,,0,62,,5661,34,,,0,18,,5649,34,,,0,20,,5643,34,,,0,62,,5637,34,,,0,18,,5670,34,,,0,20,,5664,34,,,0,62,,5663,34,,,0,30,,5644,34,,,0,70,,5642,34,,,0,30,,5650,34,,,0,70,,5656,34,,,0,100,,5641,34,,,0,100,,5648,34,,,0
