1500,'4616',726,,5080,15,,,0,100,,5057,15,,,0,100,,5058,15,,,0,100,,5061,15,,,0,30,,5060,15,,,0,70,,5059,15,,,0,30,,5063,15,,,0,70,,5064,15,,,0,30,,5065,15,,,0,70,,5062,15,,,0,30,,5070,15,,,0,70,,5071,15,,,0,30,,5069,15,,,0,70,,5067,15,,,0,30,,5073,15,,,0,70,,5074,15,,,0,29,,5072,15,,,0,71,,5068,15,,,0,30,,5075,15,,,0,70,,5066,15,,,0,30,,5081,15,,,0,70,,5077,15,,,0,100,,5078,15,,,0,100,,5079,15,,,0,100,,5076,15,,,0,100,,5083,17,0,18 19,0,100,,5082,17,0,18 19,0,100,,5085,17,0,18 19,0,100,,5084,17,0,18 19,0
1500,'5454',726,,5109,15,,,0,100,,5096,15,,,0,100,,5091,15,,,0,100,,5086,15,,,0,30,,5103,15,,,0,70,,5087,15,,,0,30,,5104,15,,,0,70,,5088,15,,,0,30,,5105,15,,,0,70,,5089,15,,,0,30,,5101,15,,,0,70,,5090,15,,,0,30,,5102,15,,,0,70,,5092,15,,,0,30,,5106,15,,,0,70,,5093,15,,,0,29,,5107,15,,,0,71,,5094,15,,,0,30,,5108,15,,,0,70,,5095,15,,,0,100,,5098,15,,,0,100,,5099,15,,,0,100,,5100,15,,,0,100,,5097,15,,,0
1500,'5648',656,,5114,14,,,0,100,,5128,15,,,0,70,,5110,15,,,0,11,,5150,15,,,0,70,,5144,15,,,0,19,,5112,15,,,0,11,,5138,15,,,0,19,,5127,15,,,0,51,,5132,15,,,0,30,,5148,15,,,0,19,,5117,15,,,0,51,,5131,15,,,0,19,,5111,15,,,0,11,,5143,15,,,0,70,,5133,15,,,0,19,,5113,15,,,0,11,,5141,15,,,0,19,,5119,15,,,0,51,,5135,15,,,0,30,,5149,15,,,0,19,,5120,15,,,0,51,,5146,15,,,0,19,,5115,15,,,0,11,,5145,15,,,0,70,,5137,15,,,0,19,,5130,15,,,0,11,,5147,15,,,0,19,,5118,15,,,0,51,,5134,15,,,0,30,,5142,15,,,0,19,,5121,15,,,0,51,,5136,15,,,0,19,,5129,15,,,0,11,,5139,15,,,0,70,,5140,15,,,0,19,,5116,15,,,0,11,,5151,15,,,0,19,,5122,15,,,0,100,,5124,15,,,0,70,,5126,15,,,0,100,,5125,15,,,0,30,,5123,15,,,0
1500,'5649',726,,5152,15,,,0,130,,5162,15,,,0,170,,5154,15,,,0,130,,5155,15,,,0,170,,5153,15,,,0,130,,5157,15,,,0,170,,5161,15,,,0,130,,5156,15,,,0,170,,5159,15,,,0,130,,5160,15,,,0,170,,5158,15,,,0
1500,'5652',726,,5163,15,,,0,130,,5173,15,,,0,170,,5165,15,,,0,130,,5166,15,,,0,170,,5164,15,,,0,130,,5168,15,,,0,170,,5172,15,,,0,130,,5167,15,,,0,170,,5170,15,,,0,130,,5171,15,,,0,170,,5169,15,,,0,100,,5176,17,0,18 19,0,100,,5177,17,0,18 19,0,100,,5174,17,0,18 19,0,100,,5175,17,0,18 19,0
4600,'4616',825,,5387,18,,,0,100,,5396,18,,,0,100,,5400,18,,,0,100,,5392,18,,,0,100,,5389,18,,,0,100,,5393,18,,,0,100,,5395,18,,,0,100,,5397,18,,,0,100,,5390,18,,,0,100,,5398,18,,,0,100,,5394,18,,,0,100,,5388,18,,,0,100,,5399,18,,,0
4600,'5454',925,,5410,18,,,0,100,,5411,18,,,0,100,,5402,18,,,0,100,,5404,18,,,0,100,,5406,18,,,0,100,,5401,18,,,0,100,,5408,18,,,0,100,,5409,18,,,0,100,,5405,18,,,0,100,,5407,18,,,0,100,,5403,18,,,0
4600,'5648',753,,5419,18,,,0,101,,5421,18,,,0,99,,5420,18,,,0,100,,5424,18,,,0,100,,5422,18,,,0,100,,5423,18,,,0,100,,5425,18,,,0,100,,5412,18,,,0,100,,5413,18,,,0,100,,5414,18,,,0,100,,5415,18,,,0,100,,5416,18,,,0,99,,5418,18,,,0,100,,5417,18,,,0
55019,'4616',812,,5492,28,,,0,108,,5493,28,,,0,100,,5498,28,,,0,100,,5495,28,,,0,100,,5497,28,,,0,100,,5496,28,,,0,100,,5494,28,,,0,100,,5505,28,,,0,100,,5501,28,,,0,100,,5506,28,,,0,100,,5503,28,,,0,100,,5500,28,,,0,100,,5504,28,,,0,100,,5499,28,,,0,100,,5502,28,,,0
55019,'5454',920,,5511,28,,,0,100,,5517,28,,,0,100,,5510,28,,,0,100,,5507,28,,,0,100,,5512,28,,,0,100,,5509,28,,,0,100,,5513,28,,,0,100,,5508,28,,,0,100,,5516,28,,,0,100,,5515,28,,,0,100,,5514,28,,,0
55019,'5648',751,,5530,28,,,0,80,,5528,28,,,0,20,,5531,28,,,0,80,,5527,28,,,0,20,,5532,28,,,0,100,,5522,28,,,0,100,,5518,28,,,0,100,,5534,28,,,0,100,,5533,28,,,0,98,,5525,28,,,0,104,,5529,28,,,0,72,,5537,28,,,0,29,,5519,28,,,0,72,,5526,28,,,0,29,,5520,28,,,0,70,,5535,28,,,0,28,,5521,28,,,0,71,,5536,28,,,0,26,,5523,28,,,0,100,,5524,28,,,0
