1500,'4616',718,2,5080,6,,,0,100,2,5057,6,,,0,100,2,5058,6,,,0,100,2,5061,6,,,0,30,2,5060,6,,,0,70,2,5059,6,,,0,30,2,5063,6,,,0,70,2,5064,6,,,0,30,2,5065,6,,,0,70,2,5062,6,,,0,30,2,5070,6,,,0,70,2,5071,6,,,0,30,2,5069,6,,,0,70,2,5067,6,,,0,30,2,5073,6,,,0,70,2,5074,6,,,0,29,2,5072,6,,,0,71,2,5068,6,,,0,30,2,5075,6,,,0,70,2,5066,6,,,0,30,2,5081,6,,,0,70,2,5077,6,,,0,100,2,5078,6,,,0,100,2,5079,6,,,0,100,2,5076,6,,,0
1500,'5454',718,2,5109,6,,,0,100,2,5096,6,,,0,100,2,5091,6,,,0,100,2,5086,6,,,0,30,2,5103,6,,,0,70,2,5087,6,,,0,30,2,5104,6,,,0,70,2,5088,6,,,0,30,2,5105,6,,,0,70,2,5089,6,,,0,30,2,5101,6,,,0,70,2,5090,6,,,0,30,2,5102,6,,,0,70,2,5092,6,,,0,30,2,5106,6,,,0,70,2,5093,6,,,0,29,2,5107,6,,,0,71,2,5094,6,,,0,30,2,5108,6,,,0,70,2,5095,6,,,0,100,2,5098,6,,,0,100,2,5099,6,,,0,100,2,5100,6,,,0,100,2,5097,6,,,0
1500,'5648',648,2,5114,5,,,0,100,2,5128,6,,,0,70,2,5110,6,,,0,11,,5150,6,,,0,30,,5144,6,,,0,59,2,5112,6,,,0,11,,5138,6,,,0,19,2,5127,6,,,0,11,,5132,6,,,0,70,,5148,6,,,0,19,2,5117,6,,,0,11,,5131,6,,,0,59,2,5111,6,,,0,11,,5143,6,,,0,30,,5133,6,,,0,59,2,5113,6,,,0,11,,5141,6,,,0,19,2,5119,6,,,0,11,,5135,6,,,0,70,,5149,6,,,0,19,2,5120,6,,,0,11,,5146,6,,,0,59,2,5115,6,,,0,11,,5145,6,,,0,30,,5137,6,,,0,59,2,5130,6,,,0,11,,5147,6,,,0,19,2,5118,6,,,0,11,,5134,6,,,0,70,,5142,6,,,0,19,2,5121,6,,,0,11,,5136,6,,,0,59,2,5129,6,,,0,11,,5139,6,,,0,30,,5140,6,,,0,59,2,5116,6,,,0,11,,5151,6,,,0,19,2,5122,6,,,0,100,2,5124,6,,,0,70,2,5126,6,,,0,100,2,5125,6,,,0,30,2,5123,6,,,0
1500,'5649',718,2,5152,6,,,0,130,2,5162,6,,,0,170,2,5154,6,,,0,130,2,5155,6,,,0,170,2,5153,6,,,0,130,2,5157,6,,,0,170,2,5161,6,,,0,130,2,5156,6,,,0,170,2,5159,6,,,0,130,2,5160,6,,,0,170,2,5158,6,,,0
1500,'5652',718,2,5163,6,,,0,130,2,5173,6,,,0,170,2,5165,6,,,0,130,2,5166,6,,,0,170,2,5164,6,,,0,130,2,5168,6,,,0,170,2,5172,6,,,0,130,2,5167,6,,,0,170,2,5170,6,,,0,130,2,5171,6,,,0,170,2,5169,6,,,0
8900,'4616',748,,5698,22,,,0,70,,5671,22,,,0,30,,5697,22,,,0,70,,5672,22,,,0,30,,5696,22,,,0,70,,5673,22,,,0,30,,5693,22,,,0,70,,5674,22,,,0,30,,5692,22,,,0,70,,5676,22,,,0,30,,5688,22,,,0,70,,5678,22,,,0,30,,5691,22,,,0,70,,5675,22,,,0,30,,5689,22,,,0,70,,5681,22,,,0,30,,5694,22,,,0,70,,5682,22,,,0,30,,5695,22,,,0,70,,5677,22,,,0,30,,5699,22,,,0,70,,5680,22,,,0,30,,5700,22,,,0,70,,5679,22,,,0,100,,5683,22,,,0,100,,5684,22,,,0,100,,5685,22,,,0
8900,'5454',818,,5713,22,,,0,100,,5710,22,,,0,100,,5701,22,,,0,100,,5702,22,,,0,100,,5703,22,,,0,30,,5723,22,,,0,70,,5704,22,,,0,30,,5721,22,,,0,70,,5705,22,,,0,30,,5718,22,,,0,70,,5706,22,,,0,30,,5719,22,,,0,70,,5708,22,,,0,30,,5720,22,,,0,70,,5709,22,,,0,100,,5711,22,,,0,100,,5707,22,,,0,100,,5715,22,,,0,100,,5717,22,,,0,100,,5712,22,,,0
8900,'5648',728,,5736,22,,,0,20,,5753,22,,,0,62,,5738,22,,,0,19,,5743,22,,,0,19,,5752,22,,,0,62,,5739,22,,,0,19,,5740,22,,,0,19,,5727,22,,,0,70,,5737,22,,,0,30,,5747,22,,,0,70,,5725,22,,,0,30,,5726,22,,,0,70,,5734,22,,,0,30,,5750,22,,,0,70,,5724,22,,,0,30,,5729,22,,,0,70,,5735,22,,,0,30,,5749,22,,,0,58,,5758,22,,,0,19,,5728,22,,,0,23,,5730,22,,,0,58,,5759,22,,,0,19,,5742,22,,,0,23,,5748,22,,,0,70,,5744,22,,,0,30,,5733,22,,,0,70,,5746,22,,,0,30,,5741,22,,,0,70,,5755,22,,,0,30,,5732,22,,,0,100,,5751,22,,,0,100,,5731,22,,,0
16100,'4616',1112,,5847,30,,,0
16100,'5651',1112,,5848,30,,,0
