12019,'5648',809,,5054,39,,,0
1601,'4616',756,,5300,26,0,13,0,100,4,5301,29,,,0,100,4,5299,29,,,0,70,4,5314,29,,,0,30,4,5298,29,,,0,70,4,5316,29,,,0,30,4,5306,29,,,0,70,4,5318,29,,,0,30,4,5307,29,,,0,70,4,5319,29,,,0,30,4,5303,29,,,0,70,4,5315,29,,,0,30,4,5305,29,,,0,70,4,5317,29,,,0,30,4,5308,29,,,0,70,4,5320,29,,,0,30,4,5309,29,,,0,100,4,5310,29,,,0,100,4,5304,29,,,0,100,4,5311,29,,,0,100,4,5312,29,,,0,100,4,5313,29,,,0,66,,5302,29,,,0
1601,'5454',956,4,5321,29,,,0,100,4,5322,29,,,0,100,4,5323,29,,,0,100,4,5326,29,,,0,100,4,5327,29,,,0,100,4,5328,29,,,0,100,4,5324,29,,,0,100,4,5325,29,,,0,100,4,5329,29,,,0
1601,'5648',726,,5331,29,,,0,30,,5333,29,,,0,100,,5334,29,,,0,70,,5340,29,,,0,100,,5341,29,,,0,30,,5335,29,,,0,100,,5330,29,,,0,70,,5343,29,,,0,100,,5344,29,,,0,30,,5336,29,,,0,100,,5337,29,,,0,70,,5342,29,,,0,100,,5345,29,,,0,30,,5332,29,,,0,100,,5338,29,,,0,70,,5346,29,,,0,100,,5347,29,,,0,130,,5339,29,,,0
1601,'5649',656,,5348,26,0,13,0,173,,5354,29,,,0,127,,5351,29,,,0,170,,5353,29,,,0,130,,5349,29,,,0,170,,5356,29,,,0,130,,5350,29,,,0,170,,5357,29,,,0,130,,5355,29,,,0,170,,5358,29,,,0,130,,5352,29,,,0
1601,'5652',656,,5359,26,0,13,0,173,,5365,29,,,0,127,,5362,29,,,0,170,,5364,29,,,0,130,,5360,29,,,0,170,,5367,29,,,0,130,,5361,29,,,0,170,,5368,29,,,0,130,,5366,29,,,0,170,,5369,29,,,0,130,,5363,29,,,0
1900,'4616',821,,5370,15,,,0,100,,5371,15,,,0,800,,5372,15,,,0,100,,5374,15,,,0,100,,5373,15,,,0,100,,5375,15,,,0,100,,5376,15,,,0
1900,'5454',921,,5385,15,,,0,100,,5377,15,,,0,100,,5379,15,,,0,100,,5380,15,,,0,100,,5381,15,,,0,100,,5378,15,,,0,100,,5382,15,,,0,100,,5383,15,,,0,100,,5384,15,,,0,100,,5386,15,,,0
8900,'4616',726,,5698,3,,,0,30,,5671,3,,,0,70,,5697,3,,,0,30,,5672,3,,,0,70,,5696,3,,,0,30,,5673,3,,,0,70,,5693,3,,,0,30,,5674,3,,,0,70,,5692,3,,,0,30,,5676,3,,,0,70,,5688,3,,,0,30,,5678,3,,,0,70,,5691,3,,,0,30,,5675,3,,,0,70,,5689,3,,,0,30,,5681,3,,,0,70,,5694,3,,,0,30,,5682,3,,,0,70,,5695,3,,,0,30,,5677,3,,,0,70,,5699,3,,,0,30,,5680,3,,,0,70,,5700,3,,,0,30,,5679,3,,,0,100,,5683,3,,,0,100,,5684,3,,,0,100,,5685,3,,,0,100,,5686,3,0,5 6,0
8900,'5454',756,,5713,3,,,0,100,,5710,3,,,0,100,,5701,3,,,0,100,,5702,3,,,0,100,,5703,3,,,0,70,,5723,3,,,0,30,,5704,3,,,0,70,,5721,3,,,0,30,,5705,3,,,0,70,,5718,3,,,0,30,,5706,3,,,0,70,,5719,3,,,0,30,,5708,3,,,0,70,,5720,3,,,0,30,,5709,3,,,0,100,,5711,3,,,0,100,,5707,3,,,0,100,,5715,3,,,0,100,,5717,3,,,0,100,,5712,3,,,0,100,,5716,3,0,5 6,0
8900,'5648',706,,5736,3,,,0,20,,5753,3,,,0,22,,5738,3,,,0,59,,5743,3,,,0,19,,5752,3,,,0,22,,5739,3,,,0,59,,5740,3,,,0,19,,5727,3,,,0,30,,5737,3,,,0,70,,5747,3,,,0,30,,5725,3,,,0,70,,5726,3,,,0,30,,5734,3,,,0,70,,5750,3,,,0,30,,5724,3,,,0,70,,5729,3,,,0,30,,5735,3,,,0,70,,5749,3,,,0,18,,5758,3,,,0,59,,5728,3,,,0,23,,5730,3,,,0,18,,5759,3,,,0,59,,5742,3,,,0,23,,5748,3,,,0,30,,5744,3,,,0,70,,5733,3,,,0,30,,5746,3,,,0,70,,5741,3,,,0,30,,5755,3,,,0,70,,5732,3,,,0,100,,5751,3,,,0,100,,5731,3,,,0,100,,5745,3,0,5 6,0
