8801,'4616',650,,5585,1,,,0,70,,5609,1,,,0,30,,5587,1,,,0,70,,5608,1,,,0,30,,5589,1,,,0,70,,5604,1,,,0,30,,5590,1,,,0,70,,5606,1,,,0,30,,5586,1,,,0,70,,5605,1,,,0,30,,5592,1,,,0,70,,5607,1,,,0,30,,5593,1,,,0,70,,5602,1,,,0,30,,5591,1,,,0,70,,5612,1,,,0,30,,5594,1,,,0,70,,5603,1,,,0,30,,5595,1,,,0,70,,5610,1,,,0,30,,5588,1,,,0,70,,5611,1,,,0,30,,5597,1,,,0,100,,5598,1,,,0,100,,5599,1,,,0,100,,5596,1,,,0,100,,5600,1,,,0,100,,5601,1,0,5 6,0
8801,'5454',650,,5626,1,,,0,100,,5625,1,,,0,100,,5620,1,,,0,100,,5614,1,,,0,100,,5615,1,,,0,70,,5634,1,,,0,30,,5616,1,,,0,70,,5633,1,,,0,30,,5617,1,,,0,70,,5630,1,,,0,30,,5618,1,,,0,70,,5631,1,,,0,30,,5613,1,,,0,70,,5632,1,,,0,30,,5619,1,,,0,70,,5635,1,,,0,30,,5621,1,,,0,100,,5622,1,,,0,100,,5623,1,,,0,100,,5624,1,,,0,100,,5627,1,,,0,100,,5628,1,,,0,100,,5629,1,0,5 6,0
8801,'5648',620,,5665,1,,,0,30,,5658,1,,,0,70,,5667,1,,,0,22,,5653,1,,,0,60,,5659,1,,,0,18,,5662,1,,,0,23,,5657,1,,,0,59,,5660,1,,,0,18,,5666,1,,,0,30,,5638,1,,,0,70,,5646,1,,,0,30,,5652,1,,,0,70,,5668,1,,,0,30,,5640,1,,,0,70,,5647,1,,,0,30,,5655,1,,,0,70,,5651,1,,,0,30,,5636,1,,,0,70,,5645,1,,,0,18,,5669,1,,,0,20,,5654,1,,,0,62,,5661,1,,,0,18,,5649,1,,,0,20,,5643,1,,,0,62,,5637,1,,,0,18,,5670,1,,,0,20,,5664,1,,,0,62,,5663,1,,,0,30,,5644,1,,,0,70,,5642,1,,,0,30,,5650,1,,,0,70,,5656,1,,,0,100,,5641,1,,,0,100,,5648,1,,,0,100,,5639,1,0,5 6,0
8900,'4616',650,,5687,12,4,,0,100,,5690,12,4,,0,70,,5698,43,4,,0,30,,5671,43,4,,0,70,,5697,43,4,,0,30,,5672,43,4,,0,70,,5696,43,4,,0,30,,5673,43,4,,0,70,,5693,43,4,,0,30,,5674,43,4,,0,70,,5692,43,4,,0,30,,5676,43,4,,0,70,,5688,43,4,,0,30,,5678,43,4,,0,70,,5691,43,4,,0,30,,5675,43,4,,0,70,,5689,43,4,,0,30,,5681,43,4,,0,70,,5694,43,4,,0,30,,5682,43,4,,0,70,,5695,43,4,,0,30,,5677,43,4,,0,70,,5699,43,4,,0,30,,5680,43,4,,0,70,,5700,43,4,,0,30,,5679,43,4,,0,100,,5683,43,4,,0,100,,5684,43,4,,0,100,,5685,43,4,,0
8900,'5454',650,,5714,12,4,,0,100,,5722,12,4,,0,100,,5713,43,4,,0,100,,5710,43,4,,0,100,,5701,43,4,,0,100,,5702,43,4,,0,100,,5703,43,4,,0,70,,5723,43,4,,0,30,,5704,43,4,,0,70,,5721,43,4,,0,30,,5705,43,4,,0,70,,5718,43,4,,0,30,,5706,43,4,,0,70,,5719,43,4,,0,30,,5708,43,4,,0,70,,5720,43,4,,0,30,,5709,43,4,,0,100,,5711,43,4,,0,100,,5707,43,4,,0,100,,5715,43,4,,0,100,,5717,43,4,,0,100,,5712,43,4,,0
8900,'5648',620,,5757,12,4,,0,30,,5754,12,4,,0,70,,5756,21,4,,0,80,,5736,43,4,,0,20,,5753,43,4,,0,22,,5738,43,4,,0,59,,5743,43,4,,0,19,,5752,43,4,,0,22,,5739,43,4,,0,59,,5740,43,4,,0,19,,5727,43,4,,0,30,,5737,43,4,,0,70,,5747,43,4,,0,30,,5725,43,4,,0,70,,5726,43,4,,0,30,,5734,43,4,,0,70,,5750,43,4,,0,30,,5724,43,4,,0,70,,5729,43,4,,0,30,,5735,43,4,,0,70,,5749,43,4,,0,18,,5758,43,4,,0,19,,5728,43,4,,0,63,,5730,43,4,,0,18,,5759,43,4,,0,19,,5742,43,4,,0,63,,5748,43,4,,0,30,,5744,43,4,,0,70,,5733,43,4,,0,30,,5746,43,4,,0,70,,5741,43,4,,0,30,,5755,43,4,,0,70,,5732,43,4,,0,100,,5751,43,4,,0,100,,5731,43,4,,0
9100,'4616',828,,5763,29,4,,0,100,,5764,29,4,,0,100,,5771,29,4,,0,100,,5766,29,4,,0,100,,5760,29,4,,0,100,,5761,29,4,,0,100,,5765,29,4,,0,100,,5762,29,4,,0,100,,5768,29,4,,0,100,,5769,29,4,,0,100,,5770,29,4,,0,100,,5767,29,4,,0,100,,5772,29,4,,0
9100,'5454',828,,5783,29,4,,0,100,,5775,29,4,,0,100,,5773,29,4,,0,100,,5774,29,4,,0,100,,5776,29,4,,0,100,,5778,29,4,,0,100,,5780,29,4,,0,100,,5777,29,4,,0,100,,5779,29,4,,0,100,,5781,29,4,,0,100,,5782,29,4,,0
9100,'5648',728,,5784,29,4,,0,100,,5786,29,4,,0,100,,5787,29,4,,0,100,,5790,29,4,,0,100,,5785,29,4,,0,100,,5792,29,4,,0,100,,5789,29,4,,0,100,,5791,29,4,,0,100,,5794,29,4,,0,101,,5788,29,4,,0,100,,5795,29,4,,0,99,,5796,29,4,,0,100,,5793,29,4,,0,100,,5797,29,4,,0
9101,'4616',828,,5798,1,,,0,100,,5799,1,,,0,100,,5801,1,,,0,100,,5804,1,,,0,100,,5800,1,,,0,100,,5805,1,,,0,100,,5802,1,,,0,100,,5803,1,,,0,100,,5807,1,,,0,100,,5808,1,,,0,100,,5806,1,,,0,100,,5809,1,,,0,100,,5810,1,,,0
9101,'5454',828,,5819,1,,,0,100,,5811,1,,,0,100,,5815,1,,,0,100,,5813,1,,,0,100,,5814,1,,,0,100,,5816,1,,,0,100,,5812,1,,,0,100,,5817,1,,,0,100,,5818,1,,,0,100,,5820,1,,,0,100,,5821,1,,,0
9101,'5648',628,,5823,1,,,0,100,,5822,1,,,0,100,,5825,1,,,0,100,,5826,1,,,0,100,,5824,1,,,0,100,,5827,1,,,0,100,,5828,1,,,0,100,,5832,1,,,0,100,,5831,1,,,0,100,,5829,1,,,0,101,,5830,1,,,0,100,,5835,1,,,0,99,,5833,1,,,0,100,,5834,1,,,0,100,,5836,1,,,0
97019,'5648',824,,5845,34,,,0
