100,'4616',709,,4744,10,,,0,100,,4745,10,,,0,100,,4746,10,,,0,100,,4747,10,,,0,100,,4748,10,,,0,100,,4749,10,,,0,100,,4750,10,,,0,100,,4751,10,,,0,100,,4752,10,,,0,100,,4753,10,,,0,100,,4754,10,,,0,100,,4755,10,,,0,100,,4756,10,,,0,100,,4758,10,,,0,100,,4757,10,,,0
100,'5454',909,,4759,10,,,0,100,,4760,10,,,0,100,,4762,10,,,0,100,,4761,10,,,0,100,,4763,10,,,0,100,,4764,10,,,0,100,,4765,10,,,0,100,,4767,10,,,0,100,,4766,10,,,0,100,,4768,10,,,0
100,'5648',609,,4790,10,,,0,130,,4769,10,,,0,70,,4783,10,,,0,30,,4776,10,,,0,70,,4771,10,,,0,30,,4784,10,,,0,70,,4779,10,,,0,30,,4778,10,,,0,100,,4770,10,,,0,100,,4789,10,,,0,100,,4772,10,,,0,100,,4780,10,,,0,100,,4773,10,,,0,70,,4781,10,,,0,30,,4774,10,,,0,70,,4787,10,,,0,30,,4785,10,,,0,70,,4775,10,,,0,100,,4782,10,,,0,100,,4777,10,,,0,100,,4786,10,,,0,100,,4788,10,,,0,30,,4791,10,,,0
1501,'4616',653,,5202,16,,,0,100,,5178,16,,,0,100,,5179,16,,,0,100,,5181,16,,,0,100,,5182,16,,,0,70,,5180,16,,,0,30,,5184,16,,,0,70,,5183,16,,,0,30,,5188,16,,,0,70,,5185,16,,,0,30,,5186,16,,,0,70,,5190,16,,,0,30,,5187,16,,,0,70,,5191,16,,,0,30,,5189,16,,,0,70,,5192,16,,,0,30,,5193,16,,,0,70,,5194,16,,,0,30,,5195,16,,,0,70,,5201,16,,,0,30,,5197,16,,,0,100,,5199,16,,,0,100,,5196,16,,,0,100,,5200,16,,,0,100,,5198,16,,,0,101,,5203,17,0,18 13,0,100,,5206,17,0,18 13,0,100,,5205,17,0,18 13,0,100,,5204,17,0,18 13,0
1501,'5454',653,,5230,16,,,0,100,,5218,16,,,0,100,,5216,16,,,0,100,,5207,16,,,0,100,,5208,16,,,0,70,,5224,16,,,0,30,,5209,16,,,0,70,,5225,16,,,0,30,,5210,16,,,0,70,,5226,16,,,0,30,,5211,16,,,0,70,,5223,16,,,0,30,,5212,16,,,0,70,,5227,16,,,0,30,,5213,16,,,0,70,,5228,16,,,0,30,,5214,16,,,0,70,,5229,16,,,0,30,,5215,16,,,0,100,,5217,16,,,0,100,,5219,16,,,0,100,,5220,16,,,0,100,,5221,16,,,0,100,,5222,16,,,0
1501,'5648',653,,5243,16,,,0,70,,5247,16,,,0,83,,5256,16,,,0,17,,5250,16,,,0,13,,5269,16,,,0,17,,5237,16,,,0,53,,5258,16,,,0,30,,5262,16,,,0,17,,5238,16,,,0,53,,5268,16,,,0,17,,5231,16,,,0,13,,5261,16,,,0,70,,5257,16,,,0,17,,5232,16,,,0,13,,5264,16,,,0,17,,5239,16,,,0,53,,5263,16,,,0,30,,5265,16,,,0,17,,5240,16,,,0,53,,5267,16,,,0,17,,5233,16,,,0,13,,5270,16,,,0,70,,5272,16,,,0,17,,5234,16,,,0,13,,5251,16,,,0,17,,5241,16,,,0,53,,5260,16,,,0,30,,5252,16,,,0,17,,5249,16,,,0,53,,5259,16,,,0,17,,5235,16,,,0,13,,5254,16,,,0,70,,5271,16,,,0,17,,5236,16,,,0,13,,5255,16,,,0,17,,5248,16,,,0,53,,5266,16,,,0,30,,5253,16,,,0,17,,5242,16,,,0,70,,5246,16,,,0,100,,5245,16,,,0,200,,5244,16,,,0
1501,'5649',753,,5274,16,,,0,170,,5281,16,,,0,130,,5277,16,,,0,170,,5280,16,,,0,130,,5278,16,,,0,170,,5279,16,,,0,130,,5282,16,,,0,170,,5273,16,,,0,130,,5276,16,,,0,170,,5275,16,,,0
1501,'5652',753,,5284,16,,,0,170,,5291,16,,,0,130,,5287,16,,,0,170,,5290,16,,,0,130,,5288,16,,,0,170,,5289,16,,,0,130,,5292,16,,,0,170,,5283,16,,,0,130,,5286,16,,,0,170,,5285,16,,,0,131,,5296,17,0,18 13,0,100,,5297,17,0,18 13,0,100,,5295,17,0,18 13,0,100,,5294,17,0,18 13,0,100,,5293,17,0,18 13,0
55029,'4616',745,,5539,13,,,0,106,,5541,26,,,0,100,,5544,26,,,0,100,,5542,26,,,0,100,,5540,26,,,0,100,,5546,26,,,0,100,,5543,26,,,0,100,,5545,26,,,0,100,,5550,26,,,0,100,,5549,26,,,0,100,,5547,26,,,0,100,,5538,26,,,0,100,,5552,26,,,0,100,,5551,26,,,0,100,,5548,26,,,0
55029,'5454',851,,5559,27,,,0,100,,5561,27,,,0,100,,5560,27,,,0,100,,5562,27,,,0,100,,5555,27,,,0,100,,5563,27,,,0,100,,5557,27,,,0,100,,5554,27,,,0,100,,5553,27,,,0,100,,5558,27,,,0,100,,5556,27,,,0
55029,'5648',722,,5577,13,,,0,37,,5564,26,,,0,60,,5582,26,,,0,40,,5566,26,,,0,60,,5569,26,,,0,100,,5578,26,,,0,101,,5579,26,,,0,100,,5581,26,,,0,100,,5580,26,,,0,100,,5583,26,,,0,99,,5570,26,,,0,34,,5584,13,,,0,69,,5567,26,,,0,32,,5573,26,,,0,69,,5565,26,,,0,32,,5576,26,,,0,68,,5568,26,,,0,30,,5575,26,,,0,68,,5572,26,,,0,100,,5571,26,,,0,97,,5574,26,0,11,0
