55019,'4616',813,,5492,29,4,,0,108,,5493,29,4,,0,100,,5498,29,4,,0,100,,5495,29,4,,0,100,,5497,29,4,,0,100,,5496,29,4,,0,100,,5494,29,4,,0,100,,5505,29,4,,0,100,,5501,29,4,,0,100,,5506,29,4,,0,100,,5503,29,4,,0,100,,5500,29,4,,0,100,,5504,29,4,,0,100,,5499,29,4,,0,100,,5502,29,4,,0
55019,'5454',921,,5511,29,4,,0,100,,5517,29,4,,0,100,,5510,29,4,,0,100,,5507,29,4,,0,100,,5512,29,4,,0,100,,5509,29,4,,0,100,,5513,29,4,,0,100,,5508,29,4,,0,100,,5516,29,4,,0,100,,5515,29,4,,0,100,,5514,29,4,,0
55019,'5648',752,,5530,29,4,,0,80,,5528,29,4,,0,20,,5531,29,4,,0,80,,5527,29,4,,0,20,,5532,29,4,,0,100,,5522,29,4,,0,100,,5518,29,4,,0,100,,5534,29,4,,0,100,,5533,29,4,,0,98,,5525,29,4,,0,104,,5529,29,4,,0,72,,5537,29,4,,0,29,,5519,29,4,,0,72,,5526,29,4,,0,29,,5520,29,4,,0,70,,5535,29,4,,0,28,,5521,29,4,,0,71,,5536,29,4,,0,26,,5523,29,4,,0,100,,5524,29,4,,0
55029,'4616',822,,5541,1,,,0,100,,5544,1,,,0,100,,5542,1,,,0,100,,5540,1,,,0,100,,5546,1,,,0,100,,5543,1,,,0,100,,5545,1,,,0,100,,5550,1,,,0,100,,5549,1,,,0,100,,5547,1,,,0,100,,5538,1,,,0,100,,5552,1,,,0,100,,5551,1,,,0,100,,5548,1,,,0
55029,'5454',822,,5559,1,,,0,100,,5561,1,,,0,100,,5560,1,,,0,100,,5562,1,,,0,100,,5555,1,,,0,100,,5563,1,,,0,100,,5557,1,,,0,100,,5554,1,,,0,100,,5553,1,,,0,100,,5558,1,,,0,100,,5556,1,,,0
55029,'5648',732,,5564,1,,,0,20,,5582,1,,,0,80,,5566,1,,,0,20,,5569,1,,,0,100,,5578,1,,,0,100,,5579,1,,,0,100,,5581,1,,,0,100,,5580,1,,,0,100,,5583,1,,,0,98,,5570,1,,,0,104,,5567,1,,,0,72,,5573,1,,,0,29,,5565,1,,,0,72,,5576,1,,,0,29,,5568,1,,,0,70,,5575,1,,,0,28,,5572,1,,,0,100,,5571,1,,,0,98,,5574,1,0,11,0
16100,'4616',1122,,5847,32,4,,0
16100,'5651',1122,,5848,32,4,,0
16101,'4616',1500,,5849,1,,,0
16101,'5651',1500,,5850,1,,,0
