1601,'4616',744,,5300,3,0,13,0,95,,5301,6,,,0,100,,5299,6,,,0,70,,5314,6,,,0,30,,5298,6,,,0,70,,5316,6,,,0,30,,5306,6,,,0,70,,5318,6,,,0,30,,5307,6,,,0,70,,5319,6,,,0,30,,5303,6,,,0,70,,5315,6,,,0,30,,5305,6,,,0,70,,5317,6,,,0,30,,5308,6,,,0,70,,5320,6,,,0,30,,5309,6,,,0,100,,5310,6,,,0,100,,5304,6,,,0,100,,5311,6,,,0,100,,5312,6,,,0,100,,5313,6,,,0,71,,5302,6,,,0
1601,'5454',940,,5321,6,,,0,100,,5322,6,,,0,100,,5323,6,,,0,100,,5326,6,,,0,100,,5327,6,,,0,100,,5328,6,,,0,100,,5324,6,,,0,100,,5325,6,,,0,100,,5329,6,,,0
1601,'5648',709,,5331,6,,,0,30,,5333,6,,,0,100,,5334,6,,,0,70,,5340,6,,,0,100,,5341,6,,,0,30,,5335,6,,,0,100,,5330,6,,,0,70,,5343,6,,,0,100,,5344,6,,,0,30,,5336,6,,,0,100,,5337,6,,,0,70,,5342,6,,,0,100,,5345,6,,,0,30,,5332,6,,,0,100,,5338,6,,,0,70,,5346,6,,,0,100,,5347,6,,,0,130,,5339,6,,,0
1601,'5649',639,,5348,3,0,13,0,170,,5354,6,,,0,130,,5351,6,,,0,170,,5353,6,,,0,130,,5349,6,,,0,170,,5356,6,,,0,130,,5350,6,,,0,170,,5357,6,,,0,130,,5355,6,,,0,170,,5358,6,,,0,130,,5352,6,,,0
1601,'5652',639,,5359,3,0,13,0,170,,5365,6,,,0,130,,5362,6,,,0,170,,5364,6,,,0,130,,5360,6,,,0,170,,5367,6,,,0,130,,5361,6,,,0,170,,5368,6,,,0,130,,5366,6,,,0,170,,5369,6,,,0,130,,5363,6,,,0
1900,'4616',809,,5370,6,,,0,100,,5371,6,,,0,800,,5372,6,,,0,100,,5374,6,,,0,100,,5373,6,,,0,100,,5375,6,,,0,100,,5376,6,,,0
1900,'5454',909,,5385,6,,,0,100,,5377,6,,,0,100,,5379,6,,,0,100,,5380,6,,,0,100,,5381,6,,,0,100,,5378,6,,,0,100,,5382,6,,,0,100,,5383,6,,,0,100,,5384,6,,,0,100,,5386,6,,,0
8801,'4616',739,,5585,37,,,0,70,,5609,37,,,0,30,,5587,37,,,0,70,,5608,37,,,0,30,,5589,37,,,0,70,,5604,37,,,0,30,,5590,37,,,0,70,,5606,37,,,0,30,,5586,37,,,0,70,,5605,37,,,0,30,,5592,37,,,0,70,,5607,37,,,0,30,,5593,37,,,0,70,,5602,37,,,0,30,,5591,37,,,0,70,,5612,37,,,0,30,,5594,37,,,0,70,,5603,37,,,0,30,,5595,37,,,0,70,,5610,37,,,0,30,,5588,37,,,0,70,,5611,37,,,0,30,,5597,37,,,0,100,,5598,37,,,0,100,,5599,37,,,0,100,,5596,37,,,0,100,,5600,37,,,0
8801,'5454',739,,5626,37,,,0,100,,5625,37,,,0,100,,5620,37,,,0,100,,5614,37,,,0,100,,5615,37,,,0,70,,5634,37,,,0,30,,5616,37,,,0,70,,5633,37,,,0,30,,5617,37,,,0,70,,5630,37,,,0,30,,5618,37,,,0,70,,5631,37,,,0,30,,5613,37,,,0,70,,5632,37,,,0,30,,5619,37,,,0,70,,5635,37,,,0,30,,5621,37,,,0,100,,5622,37,,,0,100,,5623,37,,,0,100,,5624,37,,,0,100,,5627,37,,,0,100,,5628,37,,,0
8801,'5648',709,,5665,37,,,0,30,,5658,37,,,0,70,,5667,37,,,0,22,,5653,37,,,0,20,,5659,37,,,0,58,,5662,37,,,0,23,,5657,37,,,0,19,,5660,37,,,0,58,,5666,37,,,0,30,,5638,37,,,0,70,,5646,37,,,0,30,,5652,37,,,0,70,,5668,37,,,0,30,,5640,37,,,0,70,,5647,37,,,0,30,,5655,37,,,0,70,,5651,37,,,0,30,,5636,37,,,0,70,,5645,37,,,0,18,,5669,37,,,0,20,,5654,37,,,0,62,,5661,37,,,0,18,,5649,37,,,0,20,,5643,37,,,0,62,,5637,37,,,0,18,,5670,37,,,0,20,,5664,37,,,0,62,,5663,37,,,0,30,,5644,37,,,0,70,,5642,37,,,0,30,,5650,37,,,0,70,,5656,37,,,0,100,,5641,37,,,0,100,,5648,37,,,0
