1500,'4616',706,,5080,1,,,0,100,,5057,1,,,0,100,,5058,1,,,0,100,,5061,1,,,0,30,,5060,1,,,0,70,,5059,1,,,0,30,,5063,1,,,0,70,,5064,1,,,0,30,,5065,1,,,0,70,,5062,1,,,0,30,,5070,1,,,0,70,,5071,1,,,0,30,,5069,1,,,0,70,,5067,1,,,0,30,,5073,1,,,0,70,,5074,1,,,0,29,,5072,1,,,0,71,,5068,1,,,0,30,,5075,1,,,0,70,,5066,1,,,0,30,,5081,1,,,0,70,,5077,1,,,0,100,,5078,1,,,0,100,,5079,1,,,0,100,,5076,1,,,0,100,,5083,1,0,18 19,0,100,,5082,1,0,18 19,0,100,,5085,1,0,18 19,0,100,,5084,1,0,18 19,0
1500,'5454',706,,5109,1,,,0,100,,5096,1,,,0,100,,5091,1,,,0,100,,5086,1,,,0,30,,5103,1,,,0,70,,5087,1,,,0,30,,5104,1,,,0,70,,5088,1,,,0,30,,5105,1,,,0,70,,5089,1,,,0,30,,5101,1,,,0,70,,5090,1,,,0,30,,5102,1,,,0,70,,5092,1,,,0,30,,5106,1,,,0,70,,5093,1,,,0,29,,5107,1,,,0,71,,5094,1,,,0,30,,5108,1,,,0,70,,5095,1,,,0,100,,5098,1,,,0,100,,5099,1,,,0,100,,5100,1,,,0,100,,5097,1,,,0
1500,'5648',736,,5128,1,,,0,70,,5110,1,,,0,15,,5150,1,,,0,30,,5144,1,,,0,55,,5112,1,,,0,15,,5138,1,,,0,15,,5127,1,,,0,15,,5132,1,,,0,70,,5148,1,,,0,15,,5117,1,,,0,15,,5131,1,,,0,55,,5111,1,,,0,15,,5143,1,,,0,30,,5133,1,,,0,55,,5113,1,,,0,15,,5141,1,,,0,15,,5119,1,,,0,15,,5135,1,,,0,70,,5149,1,,,0,15,,5120,1,,,0,15,,5146,1,,,0,55,,5115,1,,,0,15,,5145,1,,,0,30,,5137,1,,,0,55,,5130,1,,,0,15,,5147,1,,,0,15,,5118,1,,,0,15,,5134,1,,,0,70,,5142,1,,,0,15,,5121,1,,,0,15,,5136,1,,,0,55,,5129,1,,,0,15,,5139,1,,,0,30,,5140,1,,,0,55,,5116,1,,,0,15,,5151,1,,,0,15,,5122,1,,,0,100,,5124,1,,,0,70,,5126,1,,,0,100,,5125,1,,,0,30,,5123,1,,,0
1500,'5649',706,,5152,1,,,0,130,,5162,1,,,0,170,,5154,1,,,0,130,,5155,1,,,0,170,,5153,1,,,0,130,,5157,1,,,0,170,,5161,1,,,0,130,,5156,1,,,0,170,,5159,1,,,0,130,,5160,1,,,0,170,,5158,1,,,0
1500,'5652',706,,5163,1,,,0,130,,5173,1,,,0,170,,5165,1,,,0,130,,5166,1,,,0,170,,5164,1,,,0,130,,5168,1,,,0,170,,5172,1,,,0,130,,5167,1,,,0,170,,5170,1,,,0,130,,5171,1,,,0,170,,5169,1,,,0,100,,5176,1,0,18 19,0,100,,5177,1,0,18 19,0,100,,5174,1,0,18 19,0,100,,5175,1,0,18 19,0
1501,'4616',700,,5202,18,4,,0,100,,5178,18,4,,0,100,,5179,18,4,,0,100,,5181,18,4,,0,100,,5182,18,4,,0,30,,5180,18,4,,0,70,,5184,18,4,,0,30,,5183,18,4,,0,70,,5188,18,4,,0,30,,5185,18,4,,0,70,,5186,18,4,,0,30,,5190,18,4,,0,70,,5187,18,4,,0,30,,5191,18,4,,0,70,,5189,18,4,,0,30,,5192,18,4,,0,70,,5193,18,4,,0,30,,5194,18,4,,0,70,,5195,18,4,,0,30,,5201,18,4,,0,70,,5197,18,4,,0,100,,5199,18,4,,0,100,,5196,18,4,,0,100,,5200,18,4,,0,100,,5198,18,4,,0,100,,5203,19,4,,0,100,,5206,19,4,,0,100,,5205,19,4,,0,100,,5204,19,4,,0
1501,'5454',700,,5230,18,4,,0,100,,5218,18,4,,0,100,,5216,18,4,,0,100,,5207,18,4,,0,100,,5208,18,4,,0,30,,5224,18,4,,0,70,,5209,18,4,,0,30,,5225,18,4,,0,70,,5210,18,4,,0,30,,5226,18,4,,0,70,,5211,18,4,,0,30,,5223,18,4,,0,70,,5212,18,4,,0,30,,5227,18,4,,0,70,,5213,18,4,,0,30,,5228,18,4,,0,70,,5214,18,4,,0,30,,5229,18,4,,0,70,,5215,18,4,,0,100,,5217,18,4,,0,100,,5219,18,4,,0,100,,5220,18,4,,0,100,,5221,18,4,,0,100,,5222,18,4,,0
1501,'5648',700,,5243,18,4,,0,30,,5247,18,4,,0,83,,5256,18,4,,0,17,,5250,18,4,,0,13,,5269,18,4,,0,57,,5237,18,4,,0,13,,5258,18,4,,0,30,,5262,18,4,,0,57,,5238,18,4,,0,13,,5268,18,4,,0,17,,5231,18,4,,0,13,,5261,18,4,,0,70,,5257,18,4,,0,17,,5232,18,4,,0,13,,5264,18,4,,0,57,,5239,18,4,,0,13,,5263,18,4,,0,30,,5265,18,4,,0,57,,5240,18,4,,0,13,,5267,18,4,,0,17,,5233,18,4,,0,13,,5270,18,4,,0,70,,5272,18,4,,0,17,,5234,18,4,,0,13,,5251,18,4,,0,57,,5241,18,4,,0,13,,5260,18,4,,0,30,,5252,18,4,,0,57,,5249,18,4,,0,13,,5259,18,4,,0,17,,5235,18,4,,0,13,,5254,18,4,,0,70,,5271,18,4,,0,17,,5236,18,4,,0,13,,5255,18,4,,0,57,,5248,18,4,,0,13,,5266,18,4,,0,30,,5253,18,4,,0,57,,5242,18,4,,0,30,,5246,18,4,,0,100,,5245,18,4,,0,200,,5244,18,4,,0
1501,'5649',800,,5274,18,4,,0,130,,5281,18,4,,0,170,,5277,18,4,,0,130,,5280,18,4,,0,170,,5278,18,4,,0,130,,5279,18,4,,0,170,,5282,18,4,,0,130,,5273,18,4,,0,170,,5276,18,4,,0,130,,5275,18,4,,0
1501,'5652',800,,5284,18,4,,0,130,,5291,18,4,,0,170,,5287,18,4,,0,130,,5290,18,4,,0,170,,5288,18,4,,0,130,,5289,18,4,,0,170,,5292,18,4,,0,130,,5283,18,4,,0,170,,5286,18,4,,0,130,,5285,18,4,,0,170,,5296,19,4,,0,100,,5297,19,4,,0,100,,5295,19,4,,0,100,,5294,19,4,,0,100,,5293,19,4,,0
1601,'4616',804,,5300,29,4,,0,26,,5301,1,,,0,74,,5301,32,4,,0,26,,5299,1,,,0,70,,5314,1,,,0,4,,5299,32,4,,0,26,,5298,1,,,0,4,,5314,32,4,,0,66,,5316,1,,,0,4,,5298,32,4,,0,26,,5306,1,,,0,4,,5316,32,4,,0,66,,5318,1,,,0,4,,5306,32,4,,0,26,,5307,1,,,0,4,,5318,32,4,,0,66,,5319,1,,,0,4,,5307,32,4,,0,26,,5303,1,,,0,4,,5319,32,4,,0,66,,5315,1,,,0,4,,5303,32,4,,0,26,,5305,1,,,0,4,,5315,32,4,,0,66,,5317,1,,,0,4,,5305,32,4,,0,26,,5308,1,,,0,4,,5317,32,4,,0,66,,5320,1,,,0,4,,5308,32,4,,0,26,,5309,1,,,0,4,,5320,32,4,,0,70,,5309,32,4,,0,26,,5310,1,,,0,74,,5310,32,4,,0,26,,5304,1,,,0,74,,5304,32,4,,0,26,,5311,1,,,0,74,,5311,32,4,,0,26,,5312,1,,,0,74,,5312,32,4,,0,26,,5313,1,,,0,70,,5302,1,,,0,4,,5313,32,4,,0,26,,5302,32,4,,0
1601,'5454',930,,5321,1,,,0,74,,5321,32,4,,0,26,,5322,1,,,0,74,,5322,32,4,,0,26,,5323,1,,,0,74,,5323,32,4,,0,26,,5326,1,,,0,74,,5326,32,4,,0,26,,5327,1,,,0,74,,5327,32,4,,0,26,,5328,1,,,0,74,,5328,32,4,,0,26,,5324,1,,,0,74,,5324,32,4,,0,26,,5325,1,,,0,74,,5325,32,4,,0,26,,5329,1,,,0,74,,5329,32,4,,0
1601,'5648',700,,5331,1,,,0,30,,5333,1,,,0,4,,5331,32,4,,0,70,,5333,32,4,,0,26,,5334,1,,,0,70,,5340,1,,,0,4,,5334,32,4,,0,30,,5340,32,4,,0,66,,5341,1,,,0,30,,5335,1,,,0,4,,5341,32,4,,0,70,,5335,32,4,,0,26,,5330,1,,,0,70,,5343,1,,,0,4,,5330,32,4,,0,30,,5343,32,4,,0,66,,5344,1,,,0,30,,5336,1,,,0,4,,5344,32,4,,0,70,,5336,32,4,,0,26,,5337,1,,,0,70,,5342,1,,,0,4,,5337,32,4,,0,31,,5342,32,4,,0,65,,5345,1,,,0,30,,5332,1,,,0,4,,5345,32,4,,0,70,,5332,32,4,,0,26,,5338,1,,,0,70,,5346,1,,,0,4,,5338,32,4,,0,30,,5346,32,4,,0,66,,5347,1,,,0,34,,5347,32,4,,0,96,,5339,1,,,0,73,,5339,32,4,,0
1601,'5649',704,,5348,29,4,,0,96,,5354,1,,,0,36,,5354,32,4,,0,94,,5351,1,,,0,74,,5351,32,4,,0,96,,5353,1,,,0,34,,5353,32,4,,0,96,,5349,1,,,0,74,,5349,32,4,,0,96,,5356,1,,,0,34,,5356,32,4,,0,96,,5350,1,,,0,75,,5350,32,4,,0,95,,5357,1,,,0,34,,5357,32,4,,0,96,,5355,1,,,0,74,,5355,32,4,,0,96,,5358,1,,,0,33,,5358,32,4,,0,97,,5352,1,,,0,73,,5352,32,4,,0
1601,'5652',704,,5359,29,4,,0,96,,5365,1,,,0,36,,5365,32,4,,0,94,,5362,1,,,0,74,,5362,32,4,,0,96,,5364,1,,,0,34,,5364,32,4,,0,96,,5360,1,,,0,74,,5360,32,4,,0,96,,5367,1,,,0,34,,5367,32,4,,0,96,,5361,1,,,0,75,,5361,32,4,,0,95,,5368,1,,,0,34,,5368,32,4,,0,96,,5366,1,,,0,74,,5366,32,4,,0,96,,5369,1,,,0,33,,5369,32,4,,0,97,,5363,1,,,0,73,,5363,32,4,,0
1900,'4616',800,,5370,1,,,0,29,,5370,18,4,,0,71,,5371,1,,,0,29,,5371,18,4,,0,771,,5372,1,,,0,29,,5372,18,4,,0,71,,5374,1,,,0,29,,5374,18,4,,0,71,,5373,1,,,0,29,,5373,18,4,,0,71,,5375,1,,,0,29,,5375,18,4,,0,71,,5376,1,,,0,29,,5376,18,4,,0
1900,'5454',900,,5385,1,,,0,29,,5385,18,4,,0,71,,5377,1,,,0,29,,5377,18,4,,0,71,,5379,1,,,0,29,,5379,18,4,,0,71,,5380,1,,,0,29,,5380,18,4,,0,71,,5381,1,,,0,29,,5381,18,4,,0,71,,5378,1,,,0,29,,5378,18,4,,0,71,,5382,1,,,0,29,,5382,18,4,,0,71,,5383,1,,,0,29,,5383,18,4,,0,71,,5384,1,,,0,29,,5384,18,4,,0,71,,5386,1,,,0,29,,5386,18,4,,0
