500,'4616',738,,4794,1,,,0,98,,4797,1,,,0,100,,4795,1,,,0,100,,4801,1,,,0,100,,4792,1,,,0,100,,4802,1,,,0,100,,4806,1,,,0,100,,4804,1,,,0,100,,4793,1,,,0,100,,4803,1,,,0,100,,4805,1,,,0,100,,4799,1,,,0,100,,4800,1,,,0,100,,4798,1,,,0,100,,4796,1,,,0
500,'5454',738,,4813,1,,,0,98,,4807,1,,,0,100,,4812,1,,,0,100,,4811,1,,,0,100,,4814,1,,,0,100,,4809,1,,,0,100,,4808,1,,,0,100,,4810,1,,,0,100,,4821,1,,,0,100,,4820,1,,,0,100,,4819,1,,,0,100,,4818,1,,,0,100,,4817,1,,,0,100,,4815,1,,,0,100,,4816,1,,,0
500,'5648',708,,4824,1,,,0,28,,4833,1,,,0,65,,4823,1,,,0,35,,4834,1,,,0,65,,4822,1,,,0,35,,4835,1,,,0,100,,4839,1,,,0,100,,4840,1,,,0,100,,4836,1,,,0,100,,4837,1,,,0,100,,4838,1,,,0,100,,4828,1,,,0,70,,4842,1,,,0,30,,4826,1,,,0,70,,4825,1,,,0,30,,4827,1,,,0,70,,4843,1,,,0,30,,4831,1,,,0,100,,4829,1,,,0,100,,4830,1,,,0,100,,4832,1,,,0,100,,4841,1,,,0
501,'4616',735,,4855,10,4,,0,98,,4854,25,4,,0,100,,4845,25,4,,0,100,,4856,25,4,,0,100,,4851,25,4,,0,100,,4857,25,4,,0,100,,4844,25,4,,0,100,,4853,25,4,,0,100,,4847,25,4,,0,100,,4858,25,4,,0,100,,4852,25,4,,0,100,,4848,25,4,,0,100,,4846,25,4,,0,100,,4849,25,4,,0,100,,4850,25,4,,0
501,'5454',735,,4866,10,4,,0,98,,4865,25,4,,0,100,,4860,25,4,,0,100,,4859,25,4,,0,100,,4862,25,4,,0,100,,4864,25,4,,0,100,,4863,25,4,,0,100,,4861,25,4,,0,100,,4873,25,4,,0,100,,4872,25,4,,0,100,,4871,25,4,,0,100,,4870,25,4,,0,100,,4869,25,4,,0,100,,4867,25,4,,0,100,,4868,25,4,,0
501,'5648',708,,4874,10,4,,0,24,,4885,25,4,,0,68,,4876,25,4,,0,33,,4886,25,4,,0,68,,4877,25,4,,0,32,,4887,25,4,,0,100,,4884,25,4,,0,100,,4889,25,4,,0,100,,4891,25,4,,0,100,,4888,25,4,,0,100,,4892,25,4,,0,100,,4890,25,4,,0,70,,4894,25,4,,0,30,,4893,25,4,,0,70,,4875,25,4,,0,30,,4880,25,4,,0,68,,4895,25,4,,0,31,,4882,25,4,,0,100,,4881,25,4,,0,100,,4879,25,4,,0,100,,4878,25,4,,0,99,,4883,25,4,,0
55019,'4616',752,,5492,1,,,0,148,,5493,1,,,0,100,,5498,1,,,0,100,,5495,1,,,0,100,,5497,1,,,0,100,,5496,1,,,0,100,,5494,1,,,0,100,,5505,1,,,0,100,,5501,1,,,0,100,,5506,1,,,0,100,,5503,1,,,0,100,,5500,1,,,0,100,,5504,1,,,0,100,,5499,1,,,0,100,,5502,1,,,0
55019,'5454',900,,5511,1,,,0,100,,5517,1,,,0,100,,5510,1,,,0,100,,5507,1,,,0,100,,5512,1,,,0,100,,5509,1,,,0,100,,5513,1,,,0,100,,5508,1,,,0,100,,5516,1,,,0,100,,5515,1,,,0,100,,5514,1,,,0
55019,'5648',729,,5530,1,,,0,80,,5528,1,,,0,20,,5531,1,,,0,80,,5527,1,,,0,20,,5532,1,,,0,100,,5522,1,,,0,100,,5518,1,,,0,100,,5534,1,,,0,100,,5533,1,,,0,100,,5525,1,,,0,99,,5529,1,,,0,72,,5537,1,,,0,31,,5519,1,,,0,72,,5526,1,,,0,29,,5520,1,,,0,72,,5535,1,,,0,28,,5521,1,,,0,72,,5536,1,,,0,26,,5523,1,,,0,100,,5524,1,,,0
55029,'4616',752,,5539,22,4,,0,148,,5541,35,4,,0,100,,5544,35,4,,0,100,,5542,35,4,,0,100,,5540,35,4,,0,100,,5546,35,4,,0,100,,5543,35,4,,0,100,,5545,35,4,,0,100,,5550,35,4,,0,100,,5549,35,4,,0,100,,5547,35,4,,0,100,,5538,35,4,,0,100,,5552,35,4,,0,100,,5551,35,4,,0,100,,5548,35,4,,0
55029,'5454',900,,5559,36,4,,0,100,,5561,36,4,,0,100,,5560,36,4,,0,100,,5562,36,4,,0,100,,5555,36,4,,0,100,,5563,36,4,,0,100,,5557,36,4,,0,100,,5554,36,4,,0,100,,5553,36,4,,0,100,,5558,36,4,,0,100,,5556,36,4,,0
55029,'5648',729,,5577,22,4,,0,79,,5564,35,4,,0,20,,5582,35,4,,0,80,,5566,35,4,,0,20,,5569,35,4,,0,100,,5578,35,4,,0,101,,5579,35,4,,0,100,,5581,35,4,,0,100,,5580,35,4,,0,100,,5583,35,4,,0,99,,5570,35,4,,0,72,,5584,22,4,,0,31,,5567,35,4,,0,72,,5573,35,4,,0,29,,5565,35,4,,0,72,,5576,35,4,,0,28,,5568,35,4,,0,70,,5575,35,4,,0,28,,5572,35,4,,0,100,,5571,35,4,,0
8900,'4616',737,,5698,16,,,0,70,,5671,16,,,0,30,,5697,16,,,0,70,,5672,16,,,0,30,,5696,16,,,0,70,,5673,16,,,0,30,,5693,16,,,0,70,,5674,16,,,0,30,,5692,16,,,0,70,,5676,16,,,0,30,,5688,16,,,0,70,,5678,16,,,0,30,,5691,16,,,0,70,,5675,16,,,0,30,,5689,16,,,0,70,,5681,16,,,0,30,,5694,16,,,0,70,,5682,16,,,0,30,,5695,16,,,0,70,,5677,16,,,0,30,,5699,16,,,0,70,,5680,16,,,0,30,,5700,16,,,0,70,,5679,16,,,0,100,,5683,16,,,0,100,,5684,16,,,0,100,,5685,16,,,0,100,,5686,16,4,,0
8900,'5454',807,,5713,16,,,0,100,,5710,16,,,0,100,,5701,16,,,0,100,,5702,16,,,0,100,,5703,16,,,0,30,,5723,16,,,0,70,,5704,16,,,0,30,,5721,16,,,0,70,,5705,16,,,0,30,,5718,16,,,0,70,,5706,16,,,0,30,,5719,16,,,0,70,,5708,16,,,0,30,,5720,16,,,0,70,,5709,16,,,0,100,,5711,16,,,0,100,,5707,16,,,0,100,,5715,16,,,0,100,,5717,16,,,0,100,,5712,16,,,0,100,,5716,16,4,,0
8900,'5648',717,,5736,16,,,0,20,,5753,16,,,0,22,,5738,16,,,0,59,,5743,16,,,0,19,,5752,16,,,0,22,,5739,16,,,0,59,,5740,16,,,0,19,,5727,16,,,0,70,,5737,16,,,0,30,,5747,16,,,0,70,,5725,16,,,0,30,,5726,16,,,0,70,,5734,16,,,0,30,,5750,16,,,0,70,,5724,16,,,0,30,,5729,16,,,0,70,,5735,16,,,0,30,,5749,16,,,0,18,,5758,16,,,0,59,,5728,16,,,0,23,,5730,16,,,0,18,,5759,16,,,0,59,,5742,16,,,0,23,,5748,16,,,0,70,,5744,16,,,0,30,,5733,16,,,0,70,,5746,16,,,0,30,,5741,16,,,0,70,,5755,16,,,0,30,,5732,16,,,0,100,,5751,16,,,0,100,,5731,16,,,0,100,,5745,16,4,,0
16101,'4616',1516,,5849,4,,,0
16101,'5651',1516,,5850,4,,,0
