12019,'4614',759,,5054,30,,,0
12029,'4614',1535,,5055,3,,,0
1601,'4614',707,,5299,4,,,0,30,,5301,4,,,0,100,,5302,4,,,0,70,,5308,4,,,0,100,,5309,4,,,0,30,,5303,4,,,0,100,,5298,4,,,0,70,,5311,4,,,0,100,,5312,4,,,0,30,,5304,4,,,0,100,,5305,4,,,0,70,,5310,4,,,0,100,,5313,4,,,0,30,,5300,4,,,0,100,,5306,4,,,0,70,,5314,4,,,0,100,,5315,4,,,0,130,,5307,4,,,0
1601,'4616',742,,5318,1,0,13,0,95,,5319,4,,,0,100,,5317,4,,,0,70,,5332,4,,,0,30,,5316,4,,,0,70,,5334,4,,,0,30,,5324,4,,,0,70,,5336,4,,,0,30,,5325,4,,,0,70,,5337,4,,,0,30,,5321,4,,,0,70,,5333,4,,,0,30,,5323,4,,,0,70,,5335,4,,,0,30,,5326,4,,,0,70,,5338,4,,,0,30,,5327,4,,,0,100,,5328,4,,,0,100,,5322,4,,,0,100,,5329,4,,,0,100,,5330,4,,,0,100,,5331,4,,,0,71,,5320,4,,,0
1601,'4619',637,,5339,1,0,13,0,170,,5345,4,,,0,130,,5342,4,,,0,170,,5344,4,,,0,130,,5340,4,,,0,170,,5347,4,,,0,130,,5341,4,,,0,170,,5348,4,,,0,130,,5346,4,,,0,170,,5349,4,,,0,130,,5343,4,,,0
1601,'4931',637,,5350,1,0,13,0,170,,5356,4,,,0,130,,5353,4,,,0,170,,5355,4,,,0,130,,5351,4,,,0,170,,5358,4,,,0,130,,5352,4,,,0,170,,5359,4,,,0,130,,5357,4,,,0,170,,5360,4,,,0,130,,5354,4,,,0
1601,'5454',938,,5361,4,,,0,100,,5362,4,,,0,100,,5363,4,,,0,100,,5366,4,,,0,100,,5367,4,,,0,100,,5368,4,,,0,100,,5364,4,,,0,100,,5365,4,,,0,100,,5369,4,,,0
1900,'4616',807,,5370,4,,,0,100,,5371,4,,,0,800,,5372,4,,,0,100,,5374,4,,,0,100,,5373,4,,,0,100,,5375,4,,,0,100,,5376,4,,,0
1900,'5454',907,,5385,4,,,0,100,,5377,4,,,0,100,,5379,4,,,0,100,,5380,4,,,0,100,,5381,4,,,0,100,,5378,4,,,0,100,,5382,4,,,0,100,,5383,4,,,0,100,,5384,4,,,0,100,,5386,4,,,0
8801,'4614',707,,5614,35,,,0,30,,5607,35,,,0,70,,5616,35,,,0,22,,5602,35,,,0,20,,5608,35,,,0,58,,5611,35,,,0,23,,5606,35,,,0,19,,5609,35,,,0,58,,5615,35,,,0,30,,5587,35,,,0,70,,5595,35,,,0,30,,5601,35,,,0,70,,5617,35,,,0,30,,5589,35,,,0,70,,5596,35,,,0,30,,5604,35,,,0,70,,5600,35,,,0,30,,5585,35,,,0,70,,5594,35,,,0,18,,5618,35,,,0,20,,5603,35,,,0,62,,5610,35,,,0,18,,5598,35,,,0,20,,5592,35,,,0,62,,5586,35,,,0,18,,5619,35,,,0,20,,5613,35,,,0,62,,5612,35,,,0,30,,5593,35,,,0,70,,5591,35,,,0,30,,5599,35,,,0,70,,5605,35,,,0,100,,5590,35,,,0,100,,5597,35,,,0
8801,'4616',737,,5620,35,,,0,70,,5644,35,,,0,30,,5622,35,,,0,70,,5643,35,,,0,30,,5624,35,,,0,70,,5639,35,,,0,30,,5625,35,,,0,70,,5641,35,,,0,30,,5621,35,,,0,70,,5640,35,,,0,30,,5627,35,,,0,70,,5642,35,,,0,30,,5628,35,,,0,70,,5637,35,,,0,30,,5626,35,,,0,70,,5647,35,,,0,30,,5629,35,,,0,70,,5638,35,,,0,30,,5630,35,,,0,70,,5645,35,,,0,30,,5623,35,,,0,70,,5646,35,,,0,30,,5632,35,,,0,100,,5633,35,,,0,100,,5634,35,,,0,100,,5631,35,,,0,100,,5635,35,,,0
8801,'5454',737,,5661,35,,,0,100,,5660,35,,,0,100,,5655,35,,,0,100,,5649,35,,,0,100,,5650,35,,,0,70,,5669,35,,,0,30,,5651,35,,,0,70,,5668,35,,,0,30,,5652,35,,,0,70,,5665,35,,,0,30,,5653,35,,,0,70,,5666,35,,,0,30,,5648,35,,,0,70,,5667,35,,,0,30,,5654,35,,,0,70,,5670,35,,,0,30,,5656,35,,,0,100,,5657,35,,,0,100,,5658,35,,,0,100,,5659,35,,,0,100,,5662,35,,,0,100,,5663,35,,,0
