1601,'4614',709,,5299,5,,,0,30,,5301,5,,,0,100,,5302,5,,,0,70,,5308,5,,,0,100,,5309,5,,,0,30,,5303,5,,,0,100,,5298,5,,,0,70,,5311,5,,,0,100,,5312,5,,,0,30,,5304,5,,,0,100,,5305,5,,,0,70,,5310,5,,,0,100,,5313,5,,,0,30,,5300,5,,,0,100,,5306,5,,,0,70,,5314,5,,,0,100,,5315,5,,,0,130,,5307,5,,,0
1601,'4616',743,,5318,2,0,13,0,96,,5319,5,,,0,100,,5317,5,,,0,70,,5332,5,,,0,30,,5316,5,,,0,70,,5334,5,,,0,30,,5324,5,,,0,70,,5336,5,,,0,30,,5325,5,,,0,70,,5337,5,,,0,30,,5321,5,,,0,70,,5333,5,,,0,30,,5323,5,,,0,70,,5335,5,,,0,30,,5326,5,,,0,70,,5338,5,,,0,30,,5327,5,,,0,100,,5328,5,,,0,100,,5322,5,,,0,100,,5329,5,,,0,100,,5330,5,,,0,100,,5331,5,,,0,70,,5320,5,,,0
1601,'4619',639,,5339,2,0,13,0,170,,5345,5,,,0,130,,5342,5,,,0,170,,5344,5,,,0,130,,5340,5,,,0,170,,5347,5,,,0,130,,5341,5,,,0,170,,5348,5,,,0,130,,5346,5,,,0,170,,5349,5,,,0,130,,5343,5,,,0
1601,'4931',639,,5350,2,0,13,0,170,,5356,5,,,0,130,,5353,5,,,0,170,,5355,5,,,0,130,,5351,5,,,0,170,,5358,5,,,0,130,,5352,5,,,0,170,,5359,5,,,0,130,,5357,5,,,0,170,,5360,5,,,0,130,,5354,5,,,0
1601,'5454',939,,5361,5,,,0,100,,5362,5,,,0,100,,5363,5,,,0,100,,5366,5,,,0,100,,5367,5,,,0,100,,5368,5,,,0,100,,5364,5,,,0,100,,5365,5,,,0,100,,5369,5,,,0
1900,'4616',809,,5370,5,,,0,100,,5371,5,,,0,800,,5372,5,,,0,100,,5374,5,,,0,100,,5373,5,,,0,100,,5375,5,,,0,100,,5376,5,,,0
1900,'5454',909,,5385,5,,,0,100,,5377,5,,,0,100,,5379,5,,,0,100,,5380,5,,,0,100,,5381,5,,,0,100,,5378,5,,,0,100,,5382,5,,,0,100,,5383,5,,,0,100,,5384,5,,,0,100,,5386,5,,,0
8801,'4614',709,,5614,36,,,0,30,,5607,36,,,0,70,,5616,36,,,0,22,,5602,36,,,0,20,,5608,36,,,0,58,,5611,36,,,0,23,,5606,36,,,0,19,,5609,36,,,0,58,,5615,36,,,0,30,,5587,36,,,0,70,,5595,36,,,0,30,,5601,36,,,0,70,,5617,36,,,0,30,,5589,36,,,0,70,,5596,36,,,0,30,,5604,36,,,0,70,,5600,36,,,0,30,,5585,36,,,0,70,,5594,36,,,0,18,,5618,36,,,0,20,,5603,36,,,0,62,,5610,36,,,0,18,,5598,36,,,0,20,,5592,36,,,0,62,,5586,36,,,0,18,,5619,36,,,0,20,,5613,36,,,0,62,,5612,36,,,0,30,,5593,36,,,0,70,,5591,36,,,0,30,,5599,36,,,0,70,,5605,36,,,0,100,,5590,36,,,0,100,,5597,36,,,0
8801,'4616',739,,5620,36,,,0,70,,5644,36,,,0,30,,5622,36,,,0,70,,5643,36,,,0,30,,5624,36,,,0,70,,5639,36,,,0,30,,5625,36,,,0,70,,5641,36,,,0,30,,5621,36,,,0,70,,5640,36,,,0,30,,5627,36,,,0,70,,5642,36,,,0,30,,5628,36,,,0,70,,5637,36,,,0,30,,5626,36,,,0,70,,5647,36,,,0,30,,5629,36,,,0,70,,5638,36,,,0,30,,5630,36,,,0,70,,5645,36,,,0,30,,5623,36,,,0,70,,5646,36,,,0,30,,5632,36,,,0,100,,5633,36,,,0,100,,5634,36,,,0,100,,5631,36,,,0,100,,5635,36,,,0
8801,'5454',739,,5661,36,,,0,100,,5660,36,,,0,100,,5655,36,,,0,100,,5649,36,,,0,100,,5650,36,,,0,70,,5669,36,,,0,30,,5651,36,,,0,70,,5668,36,,,0,30,,5652,36,,,0,70,,5665,36,,,0,30,,5653,36,,,0,70,,5666,36,,,0,30,,5648,36,,,0,70,,5667,36,,,0,30,,5654,36,,,0,70,,5670,36,,,0,30,,5656,36,,,0,100,,5657,36,,,0,100,,5658,36,,,0,100,,5659,36,,,0,100,,5662,36,,,0,100,,5663,36,,,0
