100,'4614',609,,4765,10,,,0,130,,4744,10,,,0,70,,4758,10,,,0,30,,4751,10,,,0,70,,4746,10,,,0,30,,4759,10,,,0,70,,4754,10,,,0,30,,4753,10,,,0,100,,4745,10,,,0,100,,4764,10,,,0,100,,4747,10,,,0,100,,4755,10,,,0,100,,4748,10,,,0,70,,4756,10,,,0,30,,4749,10,,,0,70,,4762,10,,,0,30,,4760,10,,,0,70,,4750,10,,,0,100,,4757,10,,,0,100,,4752,10,,,0,100,,4761,10,,,0,100,,4763,10,,,0,30,,4766,10,,,0
100,'4616',709,,4767,10,,,0,100,,4768,10,,,0,100,,4769,10,,,0,100,,4770,10,,,0,100,,4771,10,,,0,100,,4772,10,,,0,100,,4773,10,,,0,100,,4774,10,,,0,100,,4775,10,,,0,100,,4776,10,,,0,100,,4777,10,,,0,100,,4778,10,,,0,100,,4779,10,,,0,100,,4781,10,,,0,100,,4780,10,,,0
100,'5454',909,,4782,10,,,0,100,,4783,10,,,0,100,,4785,10,,,0,100,,4784,10,,,0,100,,4786,10,,,0,100,,4787,10,,,0,100,,4788,10,,,0,100,,4790,10,,,0,100,,4789,10,,,0,100,,4791,10,,,0
1501,'4614',653,,5190,16,,,0,70,,5194,16,,,0,83,,5203,16,,,0,17,,5197,16,,,0,13,,5216,16,,,0,17,,5184,16,,,0,53,,5205,16,,,0,30,,5209,16,,,0,17,,5185,16,,,0,53,,5215,16,,,0,17,,5178,16,,,0,13,,5208,16,,,0,70,,5204,16,,,0,17,,5179,16,,,0,13,,5211,16,,,0,17,,5186,16,,,0,53,,5210,16,,,0,30,,5212,16,,,0,17,,5187,16,,,0,53,,5214,16,,,0,17,,5180,16,,,0,13,,5217,16,,,0,70,,5219,16,,,0,17,,5181,16,,,0,13,,5198,16,,,0,17,,5188,16,,,0,53,,5207,16,,,0,30,,5199,16,,,0,17,,5196,16,,,0,53,,5206,16,,,0,17,,5182,16,,,0,13,,5201,16,,,0,70,,5218,16,,,0,17,,5183,16,,,0,13,,5202,16,,,0,17,,5195,16,,,0,53,,5213,16,,,0,30,,5200,16,,,0,17,,5189,16,,,0,70,,5193,16,,,0,100,,5192,16,,,0,200,,5191,16,,,0
1501,'4616',653,,5244,16,,,0,100,,5220,16,,,0,100,,5221,16,,,0,100,,5223,16,,,0,100,,5224,16,,,0,70,,5222,16,,,0,30,,5226,16,,,0,70,,5225,16,,,0,30,,5230,16,,,0,70,,5227,16,,,0,30,,5228,16,,,0,70,,5232,16,,,0,30,,5229,16,,,0,70,,5233,16,,,0,30,,5231,16,,,0,70,,5234,16,,,0,30,,5235,16,,,0,70,,5236,16,,,0,30,,5237,16,,,0,70,,5243,16,,,0,30,,5239,16,,,0,100,,5241,16,,,0,100,,5238,16,,,0,100,,5242,16,,,0,100,,5240,16,,,0,101,,5245,17,0,18 13,0,100,,5248,17,0,18 13,0,100,,5247,17,0,18 13,0,100,,5246,17,0,18 13,0
1501,'4619',753,,5250,16,,,0,170,,5257,16,,,0,130,,5253,16,,,0,170,,5256,16,,,0,130,,5254,16,,,0,170,,5255,16,,,0,130,,5258,16,,,0,170,,5249,16,,,0,130,,5252,16,,,0,170,,5251,16,,,0,131,,5262,17,0,18 13,0,100,,5263,17,0,18 13,0,100,,5261,17,0,18 13,0,100,,5260,17,0,18 13,0,100,,5259,17,0,18 13,0
1501,'4931',753,,5265,16,,,0,170,,5272,16,,,0,130,,5268,16,,,0,170,,5271,16,,,0,130,,5269,16,,,0,170,,5270,16,,,0,130,,5273,16,,,0,170,,5264,16,,,0,130,,5267,16,,,0,170,,5266,16,,,0
1501,'5454',653,,5297,16,,,0,100,,5285,16,,,0,100,,5283,16,,,0,100,,5274,16,,,0,100,,5275,16,,,0,70,,5291,16,,,0,30,,5276,16,,,0,70,,5292,16,,,0,30,,5277,16,,,0,70,,5293,16,,,0,30,,5278,16,,,0,70,,5290,16,,,0,30,,5279,16,,,0,70,,5294,16,,,0,30,,5280,16,,,0,70,,5295,16,,,0,30,,5281,16,,,0,70,,5296,16,,,0,30,,5282,16,,,0,100,,5284,16,,,0,100,,5286,16,,,0,100,,5287,16,,,0,100,,5288,16,,,0,100,,5289,16,,,0
55029,'4614',722,,5551,13,,,0,37,,5538,26,,,0,60,,5556,26,,,0,40,,5540,26,,,0,60,,5543,26,,,0,100,,5552,26,,,0,101,,5553,26,,,0,100,,5555,26,,,0,100,,5554,26,,,0,100,,5557,26,,,0,99,,5544,26,,,0,34,,5558,13,,,0,69,,5541,26,,,0,32,,5547,26,,,0,69,,5539,26,,,0,32,,5550,26,,,0,68,,5542,26,,,0,30,,5549,26,,,0,68,,5546,26,,,0,100,,5545,26,,,0,97,,5548,26,0,11,0
55029,'4616',745,,5560,13,,,0,106,,5562,26,,,0,100,,5565,26,,,0,100,,5563,26,,,0,100,,5561,26,,,0,100,,5567,26,,,0,100,,5564,26,,,0,100,,5566,26,,,0,100,,5571,26,,,0,100,,5570,26,,,0,100,,5568,26,,,0,100,,5559,26,,,0,100,,5573,26,,,0,100,,5572,26,,,0,100,,5569,26,,,0
55029,'5454',851,,5580,27,,,0,100,,5582,27,,,0,100,,5581,27,,,0,100,,5583,27,,,0,100,,5576,27,,,0,100,,5584,27,,,0,100,,5578,27,,,0,100,,5575,27,,,0,100,,5574,27,,,0,100,,5579,27,,,0,100,,5577,27,,,0
