12019,'4614',809,,5054,39,,,0
1601,'4614',726,,5299,29,,,0,30,,5301,29,,,0,100,,5302,29,,,0,70,,5308,29,,,0,100,,5309,29,,,0,30,,5303,29,,,0,100,,5298,29,,,0,70,,5311,29,,,0,100,,5312,29,,,0,30,,5304,29,,,0,100,,5305,29,,,0,70,,5310,29,,,0,100,,5313,29,,,0,30,,5300,29,,,0,100,,5306,29,,,0,70,,5314,29,,,0,100,,5315,29,,,0,130,,5307,29,,,0
1601,'4616',756,,5318,26,0,13,0,100,4,5319,29,,,0,100,4,5317,29,,,0,70,4,5332,29,,,0,30,4,5316,29,,,0,70,4,5334,29,,,0,30,4,5324,29,,,0,70,4,5336,29,,,0,30,4,5325,29,,,0,70,4,5337,29,,,0,30,4,5321,29,,,0,70,4,5333,29,,,0,30,4,5323,29,,,0,70,4,5335,29,,,0,30,4,5326,29,,,0,70,4,5338,29,,,0,30,4,5327,29,,,0,100,4,5328,29,,,0,100,4,5322,29,,,0,100,4,5329,29,,,0,100,4,5330,29,,,0,100,4,5331,29,,,0,66,,5320,29,,,0
1601,'4619',656,,5339,26,0,13,0,173,,5345,29,,,0,127,,5342,29,,,0,170,,5344,29,,,0,130,,5340,29,,,0,170,,5347,29,,,0,130,,5341,29,,,0,170,,5348,29,,,0,130,,5346,29,,,0,170,,5349,29,,,0,130,,5343,29,,,0
1601,'4931',656,,5350,26,0,13,0,173,,5356,29,,,0,127,,5353,29,,,0,170,,5355,29,,,0,130,,5351,29,,,0,170,,5358,29,,,0,130,,5352,29,,,0,170,,5359,29,,,0,130,,5357,29,,,0,170,,5360,29,,,0,130,,5354,29,,,0
1601,'5454',956,4,5361,29,,,0,100,4,5362,29,,,0,100,4,5363,29,,,0,100,4,5366,29,,,0,100,4,5367,29,,,0,100,4,5368,29,,,0,100,4,5364,29,,,0,100,4,5365,29,,,0,100,4,5369,29,,,0
1900,'4616',821,,5370,15,,,0,100,,5371,15,,,0,800,,5372,15,,,0,100,,5374,15,,,0,100,,5373,15,,,0,100,,5375,15,,,0,100,,5376,15,,,0
1900,'5454',921,,5385,15,,,0,100,,5377,15,,,0,100,,5379,15,,,0,100,,5380,15,,,0,100,,5381,15,,,0,100,,5378,15,,,0,100,,5382,15,,,0,100,,5383,15,,,0,100,,5384,15,,,0,100,,5386,15,,,0
8900,'4614',706,,5683,3,,,0,20,,5700,3,,,0,22,,5685,3,,,0,59,,5690,3,,,0,19,,5699,3,,,0,22,,5686,3,,,0,59,,5687,3,,,0,19,,5674,3,,,0,30,,5684,3,,,0,70,,5694,3,,,0,30,,5672,3,,,0,70,,5673,3,,,0,30,,5681,3,,,0,70,,5697,3,,,0,30,,5671,3,,,0,70,,5676,3,,,0,30,,5682,3,,,0,70,,5696,3,,,0,18,,5705,3,,,0,59,,5675,3,,,0,23,,5677,3,,,0,18,,5706,3,,,0,59,,5689,3,,,0,23,,5695,3,,,0,30,,5691,3,,,0,70,,5680,3,,,0,30,,5693,3,,,0,70,,5688,3,,,0,30,,5702,3,,,0,70,,5679,3,,,0,100,,5698,3,,,0,100,,5678,3,,,0,100,,5692,3,0,5 6,0
8900,'4616',726,,5734,3,,,0,30,,5707,3,,,0,70,,5733,3,,,0,30,,5708,3,,,0,70,,5732,3,,,0,30,,5709,3,,,0,70,,5729,3,,,0,30,,5710,3,,,0,70,,5728,3,,,0,30,,5712,3,,,0,70,,5724,3,,,0,30,,5714,3,,,0,70,,5727,3,,,0,30,,5711,3,,,0,70,,5725,3,,,0,30,,5717,3,,,0,70,,5730,3,,,0,30,,5718,3,,,0,70,,5731,3,,,0,30,,5713,3,,,0,70,,5735,3,,,0,30,,5716,3,,,0,70,,5736,3,,,0,30,,5715,3,,,0,100,,5719,3,,,0,100,,5720,3,,,0,100,,5721,3,,,0,100,,5722,3,0,5 6,0
8900,'5454',756,,5749,3,,,0,100,,5746,3,,,0,100,,5737,3,,,0,100,,5738,3,,,0,100,,5739,3,,,0,70,,5759,3,,,0,30,,5740,3,,,0,70,,5757,3,,,0,30,,5741,3,,,0,70,,5754,3,,,0,30,,5742,3,,,0,70,,5755,3,,,0,30,,5744,3,,,0,70,,5756,3,,,0,30,,5745,3,,,0,100,,5747,3,,,0,100,,5743,3,,,0,100,,5751,3,,,0,100,,5753,3,,,0,100,,5748,3,,,0,100,,5752,3,0,5 6,0
