1500,'4614',656,,5061,14,,,0,100,,5075,15,,,0,70,,5057,15,,,0,11,,5097,15,,,0,70,,5091,15,,,0,19,,5059,15,,,0,11,,5085,15,,,0,19,,5074,15,,,0,51,,5079,15,,,0,30,,5095,15,,,0,19,,5064,15,,,0,51,,5078,15,,,0,19,,5058,15,,,0,11,,5090,15,,,0,70,,5080,15,,,0,19,,5060,15,,,0,11,,5088,15,,,0,19,,5066,15,,,0,51,,5082,15,,,0,30,,5096,15,,,0,19,,5067,15,,,0,51,,5093,15,,,0,19,,5062,15,,,0,11,,5092,15,,,0,70,,5084,15,,,0,19,,5077,15,,,0,11,,5094,15,,,0,19,,5065,15,,,0,51,,5081,15,,,0,30,,5089,15,,,0,19,,5068,15,,,0,51,,5083,15,,,0,19,,5076,15,,,0,11,,5086,15,,,0,70,,5087,15,,,0,19,,5063,15,,,0,11,,5098,15,,,0,19,,5069,15,,,0,100,,5071,15,,,0,70,,5073,15,,,0,100,,5072,15,,,0,30,,5070,15,,,0
1500,'4616',726,,5122,15,,,0,100,,5099,15,,,0,100,,5100,15,,,0,100,,5103,15,,,0,30,,5102,15,,,0,70,,5101,15,,,0,30,,5105,15,,,0,70,,5106,15,,,0,30,,5107,15,,,0,70,,5104,15,,,0,30,,5112,15,,,0,70,,5113,15,,,0,30,,5111,15,,,0,70,,5109,15,,,0,30,,5115,15,,,0,70,,5116,15,,,0,29,,5114,15,,,0,71,,5110,15,,,0,30,,5117,15,,,0,70,,5108,15,,,0,30,,5123,15,,,0,70,,5119,15,,,0,100,,5120,15,,,0,100,,5121,15,,,0,100,,5118,15,,,0,100,,5125,17,0,18 19,0,100,,5124,17,0,18 19,0,100,,5127,17,0,18 19,0,100,,5126,17,0,18 19,0
1500,'4619',726,,5128,15,,,0,130,,5138,15,,,0,170,,5130,15,,,0,130,,5131,15,,,0,170,,5129,15,,,0,130,,5133,15,,,0,170,,5137,15,,,0,130,,5132,15,,,0,170,,5135,15,,,0,130,,5136,15,,,0,170,,5134,15,,,0,100,,5141,17,0,18 19,0,100,,5142,17,0,18 19,0,100,,5139,17,0,18 19,0,100,,5140,17,0,18 19,0
1500,'4931',726,,5143,15,,,0,130,,5153,15,,,0,170,,5145,15,,,0,130,,5146,15,,,0,170,,5144,15,,,0,130,,5148,15,,,0,170,,5152,15,,,0,130,,5147,15,,,0,170,,5150,15,,,0,130,,5151,15,,,0,170,,5149,15,,,0
1500,'5454',726,,5177,15,,,0,100,,5164,15,,,0,100,,5159,15,,,0,100,,5154,15,,,0,30,,5171,15,,,0,70,,5155,15,,,0,30,,5172,15,,,0,70,,5156,15,,,0,30,,5173,15,,,0,70,,5157,15,,,0,30,,5169,15,,,0,70,,5158,15,,,0,30,,5170,15,,,0,70,,5160,15,,,0,30,,5174,15,,,0,70,,5161,15,,,0,29,,5175,15,,,0,71,,5162,15,,,0,30,,5176,15,,,0,70,,5163,15,,,0,100,,5166,15,,,0,100,,5167,15,,,0,100,,5168,15,,,0,100,,5165,15,,,0
4600,'4614',753,,5394,18,,,0,101,,5396,18,,,0,99,,5395,18,,,0,100,,5399,18,,,0,100,,5397,18,,,0,100,,5398,18,,,0,100,,5400,18,,,0,100,,5387,18,,,0,100,,5388,18,,,0,100,,5389,18,,,0,100,,5390,18,,,0,100,,5391,18,,,0,99,,5393,18,,,0,100,,5392,18,,,0
4600,'4616',825,,5401,18,,,0,100,,5410,18,,,0,100,,5414,18,,,0,100,,5406,18,,,0,100,,5403,18,,,0,100,,5407,18,,,0,100,,5409,18,,,0,100,,5411,18,,,0,100,,5404,18,,,0,100,,5412,18,,,0,100,,5408,18,,,0,100,,5402,18,,,0,100,,5413,18,,,0
4600,'5454',925,,5424,18,,,0,100,,5425,18,,,0,100,,5416,18,,,0,100,,5418,18,,,0,100,,5420,18,,,0,100,,5415,18,,,0,100,,5422,18,,,0,100,,5423,18,,,0,100,,5419,18,,,0,100,,5421,18,,,0,100,,5417,18,,,0
55019,'4614',751,,5504,28,,,0,80,,5502,28,,,0,20,,5505,28,,,0,80,,5501,28,,,0,20,,5506,28,,,0,100,,5496,28,,,0,100,,5492,28,,,0,100,,5508,28,,,0,100,,5507,28,,,0,98,,5499,28,,,0,104,,5503,28,,,0,72,,5511,28,,,0,29,,5493,28,,,0,72,,5500,28,,,0,29,,5494,28,,,0,70,,5509,28,,,0,28,,5495,28,,,0,71,,5510,28,,,0,26,,5497,28,,,0,100,,5498,28,,,0
55019,'4616',812,,5512,28,,,0,108,,5513,28,,,0,100,,5518,28,,,0,100,,5515,28,,,0,100,,5517,28,,,0,100,,5516,28,,,0,100,,5514,28,,,0,100,,5525,28,,,0,100,,5521,28,,,0,100,,5526,28,,,0,100,,5523,28,,,0,100,,5520,28,,,0,100,,5524,28,,,0,100,,5519,28,,,0,100,,5522,28,,,0
55019,'5454',920,,5531,28,,,0,100,,5537,28,,,0,100,,5530,28,,,0,100,,5527,28,,,0,100,,5532,28,,,0,100,,5529,28,,,0,100,,5533,28,,,0,100,,5528,28,,,0,100,,5536,28,,,0,100,,5535,28,,,0,100,,5534,28,,,0
