1601,'4614',706,,5299,3,,,0,30,,5301,3,,,0,100,,5302,3,,,0,70,,5308,3,,,0,100,,5309,3,,,0,30,,5303,3,,,0,100,,5298,3,,,0,70,,5311,3,,,0,100,,5312,3,,,0,30,,5304,3,,,0,100,,5305,3,,,0,70,,5310,3,,,0,100,,5313,3,,,0,30,,5300,3,,,0,100,,5306,3,,,0,70,,5314,3,,,0,100,,5315,3,,,0,130,,5307,3,,,0
1601,'4616',836,,5319,3,,,0,100,,5317,3,,,0,70,,5332,3,,,0,30,,5316,3,,,0,70,,5334,3,,,0,30,,5324,3,,,0,70,,5336,3,,,0,30,,5325,3,,,0,70,,5337,3,,,0,30,,5321,3,,,0,70,,5333,3,,,0,30,,5323,3,,,0,70,,5335,3,,,0,30,,5326,3,,,0,70,,5338,3,,,0,30,,5327,3,,,0,100,,5328,3,,,0,100,,5322,3,,,0,100,,5329,3,,,0,100,,5330,3,,,0,100,,5331,3,,,0,71,,5320,3,,,0
1601,'4619',806,,5345,3,,,0,130,,5342,3,,,0,170,,5344,3,,,0,130,,5340,3,,,0,170,,5347,3,,,0,130,,5341,3,,,0,170,,5348,3,,,0,130,,5346,3,,,0,170,,5349,3,,,0,130,,5343,3,,,0
1601,'4931',806,,5356,3,,,0,130,,5353,3,,,0,170,,5355,3,,,0,130,,5351,3,,,0,170,,5358,3,,,0,130,,5352,3,,,0,170,,5359,3,,,0,130,,5357,3,,,0,170,,5360,3,,,0,130,,5354,3,,,0
1601,'5454',937,,5361,3,,,0,100,,5362,3,,,0,100,,5363,3,,,0,100,,5366,3,,,0,100,,5367,3,,,0,100,,5368,3,,,0,100,,5364,3,,,0,100,,5365,3,,,0,100,,5369,3,,,0
1900,'4616',806,,5370,3,,,0,100,,5371,3,,,0,800,,5372,3,,,0,100,,5374,3,,,0,100,,5373,3,,,0,100,,5375,3,,,0,100,,5376,3,,,0
1900,'5454',906,,5385,3,,,0,100,,5377,3,,,0,100,,5379,3,,,0,100,,5380,3,,,0,100,,5381,3,,,0,100,,5378,3,,,0,100,,5382,3,,,0,100,,5383,3,,,0,100,,5384,3,,,0,100,,5386,3,,,0
8801,'4614',706,,5614,34,,,0,30,,5607,34,,,0,70,,5616,34,,,0,22,,5602,34,,,0,20,,5608,34,,,0,58,,5611,34,,,0,23,,5606,34,,,0,19,,5609,34,,,0,58,,5615,34,,,0,30,,5587,34,,,0,70,,5595,34,,,0,30,,5601,34,,,0,70,,5617,34,,,0,30,,5589,34,,,0,70,,5596,34,,,0,30,,5604,34,,,0,70,,5600,34,,,0,30,,5585,34,,,0,70,,5594,34,,,0,18,,5618,34,,,0,20,,5603,34,,,0,62,,5610,34,,,0,18,,5598,34,,,0,20,,5592,34,,,0,62,,5586,34,,,0,18,,5619,34,,,0,20,,5613,34,,,0,62,,5612,34,,,0,30,,5593,34,,,0,70,,5591,34,,,0,30,,5599,34,,,0,70,,5605,34,,,0,100,,5590,34,,,0,100,,5597,34,,,0
8801,'4616',736,,5620,34,,,0,70,,5644,34,,,0,30,,5622,34,,,0,70,,5643,34,,,0,30,,5624,34,,,0,70,,5639,34,,,0,30,,5625,34,,,0,70,,5641,34,,,0,30,,5621,34,,,0,70,,5640,34,,,0,30,,5627,34,,,0,70,,5642,34,,,0,30,,5628,34,,,0,70,,5637,34,,,0,30,,5626,34,,,0,70,,5647,34,,,0,30,,5629,34,,,0,70,,5638,34,,,0,30,,5630,34,,,0,70,,5645,34,,,0,30,,5623,34,,,0,70,,5646,34,,,0,30,,5632,34,,,0,100,,5633,34,,,0,100,,5634,34,,,0,100,,5631,34,,,0,100,,5635,34,,,0
8801,'5454',736,,5661,34,,,0,100,,5660,34,,,0,100,,5655,34,,,0,100,,5649,34,,,0,100,,5650,34,,,0,70,,5669,34,,,0,30,,5651,34,,,0,70,,5668,34,,,0,30,,5652,34,,,0,70,,5665,34,,,0,30,,5653,34,,,0,70,,5666,34,,,0,30,,5648,34,,,0,70,,5667,34,,,0,30,,5654,34,,,0,70,,5670,34,,,0,30,,5656,34,,,0,100,,5657,34,,,0,100,,5658,34,,,0,100,,5659,34,,,0,100,,5662,34,,,0,100,,5663,34,,,0
