500,'4614',737,,4794,36,,,0,68,,4803,36,,,0,25,,4793,36,,,0,75,,4804,36,,,0,25,,4792,36,,,0,75,,4805,36,,,0,100,,4809,36,,,0,100,,4810,36,,,0,100,,4806,36,,,0,100,,4807,36,,,0,100,,4808,36,,,0,100,,4798,36,,,0,30,,4812,36,,,0,70,,4796,36,,,0,30,,4795,36,,,0,70,,4797,36,,,0,30,,4813,36,,,0,70,,4801,36,,,0,100,,4799,36,,,0,100,,4800,36,,,0,100,,4802,36,,,0,100,,4811,36,,,0
500,'4616',807,,4816,36,,,0,98,,4819,36,,,0,100,,4817,36,,,0,100,,4823,36,,,0,100,,4814,36,,,0,100,,4824,36,,,0,100,,4828,36,,,0,100,,4826,36,,,0,100,,4815,36,,,0,100,,4825,36,,,0,100,,4827,36,,,0,100,,4821,36,,,0,100,,4822,36,,,0,100,,4820,36,,,0,100,,4818,36,,,0
500,'5454',807,,4835,36,,,0,98,,4829,36,,,0,100,,4834,36,,,0,100,,4833,36,,,0,100,,4836,36,,,0,100,,4831,36,,,0,100,,4830,36,,,0,100,,4832,36,,,0,100,,4843,36,,,0,100,,4842,36,,,0,100,,4841,36,,,0,100,,4840,36,,,0,100,,4839,36,,,0,100,,4837,36,,,0,100,,4838,36,,,0
1000,'4614',647,,4923,16,,,0,70,,4910,16,,,0,30,,4911,16,,,0,72,,4904,16,,,0,28,,4897,16,,,0,70,,4913,16,,,0,30,,4906,16,,,0,70,,4896,16,,,0,30,,4915,16,,,0,70,,4905,16,,,0,30,,4918,16,,,0,70,,4903,16,,,0,30,,4920,16,,,0,70,,4919,16,,,0,30,,4898,16,,,0,70,,4900,16,,,0,30,,4924,16,,,0,70,,4907,16,,,0,30,,4912,16,,,0,70,,4899,16,,,0,30,,4909,16,,,0,70,,4916,16,,,0,30,,4901,16,,,0,70,,4908,16,,,0,30,,4914,16,,,0,70,,4921,16,,,0,30,,4902,16,,,0,100,,4917,16,,,0,100,,4922,16,,,0
1000,'4616',747,,4925,16,,,0,70,,4926,16,,,0,30,,4927,16,,,0,70,,4928,16,,,0,30,,4932,16,,,0,70,,4931,16,,,0,30,,4930,16,,,0,70,,4929,16,,,0,30,,4933,16,,,0,70,,4934,16,,,0,30,,4935,16,,,0,70,,4936,16,,,0,30,,4937,16,,,0,70,,4938,16,,,0,30,,4939,16,,,0,70,,4940,16,,,0,30,,4941,16,,,0,70,,4943,16,,,0,30,,4942,16,,,0,70,,4944,16,,,0,30,,4945,16,,,0,70,,4950,16,,,0,30,,4947,16,,,0,100,,4946,16,,,0,100,,4949,16,,,0,100,,4948,16,,,0
1000,'5454',947,,4951,16,,,0,100,,4954,16,,,0,100,,4952,16,,,0,100,,4953,16,,,0,100,,4955,16,,,0,100,,4956,16,,,0,100,,4958,16,,,0,100,,4957,16,,,0,100,,4959,16,,,0,100,,4960,16,,,0
1500,'4614',702,,5061,21,,,0,100,,5075,22,,,0,30,,5057,22,,,0,11,,5097,22,,,0,70,,5091,22,,,0,19,,5059,22,,,0,11,,5085,22,,,0,59,,5074,22,,,0,11,,5079,22,,,0,30,,5095,22,,,0,59,,5064,22,,,0,11,,5078,22,,,0,19,,5058,22,,,0,11,,5090,22,,,0,70,,5080,22,,,0,19,,5060,22,,,0,11,,5088,22,,,0,59,,5066,22,,,0,11,,5082,22,,,0,30,,5096,22,,,0,59,,5067,22,,,0,11,,5093,22,,,0,19,,5062,22,,,0,11,,5092,22,,,0,70,,5084,22,,,0,19,,5077,22,,,0,11,,5094,22,,,0,59,,5065,22,,,0,11,,5081,22,,,0,30,,5089,22,,,0,59,,5068,22,,,0,11,,5083,22,,,0,19,,5076,22,,,0,11,,5086,22,,,0,70,,5087,22,,,0,19,,5063,22,,,0,11,,5098,22,,,0,59,,5069,22,,,0,100,,5071,22,,,0,30,,5073,22,,,0,100,,5072,22,,,0,70,,5070,22,,,0
1500,'4616',732,,5122,22,,,0,100,,5099,22,,,0,100,,5100,22,,,0,100,,5103,22,,,0,70,,5102,22,,,0,30,,5101,22,,,0,70,,5105,22,,,0,30,,5106,22,,,0,70,,5107,22,,,0,30,,5104,22,,,0,70,,5112,22,,,0,30,,5113,22,,,0,70,,5111,22,,,0,30,,5109,22,,,0,70,,5115,22,,,0,30,,5116,22,,,0,69,,5114,22,,,0,31,,5110,22,,,0,70,,5117,22,,,0,30,,5108,22,,,0,70,,5123,22,,,0,30,,5119,22,,,0,100,,5120,22,,,0,100,,5121,22,,,0,100,,5118,22,,,0,97,,5125,24,0,18 19,0,100,,5124,24,0,18 19,0,100,,5127,24,0,18 19,0,100,,5126,24,0,18 19,0
1500,'4619',732,,5128,22,,,0,170,,5138,22,,,0,130,,5130,22,,,0,170,,5131,22,,,0,130,,5129,22,,,0,170,,5133,22,,,0,130,,5137,22,,,0,170,,5132,22,,,0,130,,5135,22,,,0,170,,5136,22,,,0,130,,5134,22,,,0,97,,5141,24,0,18 19,0,100,,5142,24,0,18 19,0,100,,5139,24,0,18 19,0,100,,5140,24,0,18 19,0
1500,'4931',732,,5143,22,,,0,170,,5153,22,,,0,130,,5145,22,,,0,170,,5146,22,,,0,130,,5144,22,,,0,170,,5148,22,,,0,130,,5152,22,,,0,170,,5147,22,,,0,130,,5150,22,,,0,170,,5151,22,,,0,130,,5149,22,,,0
1500,'5454',732,,5177,22,,,0,100,,5164,22,,,0,100,,5159,22,,,0,100,,5154,22,,,0,70,,5171,22,,,0,30,,5155,22,,,0,70,,5172,22,,,0,30,,5156,22,,,0,70,,5173,22,,,0,30,,5157,22,,,0,70,,5169,22,,,0,30,,5158,22,,,0,70,,5170,22,,,0,30,,5160,22,,,0,70,,5174,22,,,0,30,,5161,22,,,0,69,,5175,22,,,0,31,,5162,22,,,0,70,,5176,22,,,0,30,,5163,22,,,0,100,,5166,22,,,0,100,,5167,22,,,0,100,,5168,22,,,0,100,,5165,22,,,0
4600,'4614',759,,5394,25,,,0,142,,5396,25,,,0,99,,5395,25,,,0,100,,5399,25,,,0,100,,5397,25,,,0,100,,5398,25,,,0,100,,5400,25,,,0,100,,5387,25,,,0,100,,5388,25,,,0,100,,5389,25,,,0,59,,5390,25,,,0,100,,5391,25,,,0,99,,5393,25,,,0,100,,5392,25,,,0
4600,'4616',831,,5401,25,,,0,100,,5410,25,,,0,100,,5414,25,,,0,100,,5406,25,,,0,100,,5403,25,,,0,100,,5407,25,,,0,100,,5409,25,,,0,100,,5411,25,,,0,100,,5404,25,,,0,100,,5412,25,,,0,100,,5408,25,,,0,100,,5402,25,,,0,100,,5413,25,,,0
4600,'5454',931,,5424,25,,,0,100,,5425,25,,,0,100,,5416,25,,,0,100,,5418,25,,,0,100,,5420,25,,,0,100,,5415,25,,,0,100,,5422,25,,,0,100,,5423,25,,,0,100,,5419,25,,,0,100,,5421,25,,,0,100,,5417,25,,,0
4700,'4614',736,,5478,37,,,0,103,,5466,37,,,0,99,,5476,37,,,0,100,,5472,37,,,0,100,,5475,37,,,0,100,,5477,37,,,0,100,,5465,37,,,0,100,,5474,37,,,0,101,,5467,37,,,0,100,,5473,37,,,0,99,,5469,37,,,0,98,,5470,37,,,0,100,,5471,37,,,0,100,,5468,37,,,0
