1,100,'5177',4244,4245,4246,4247,4248,4249,4250,4251,4252,4253,4254,4255,4256,4257,4258,4259,4260,4261,4262,4263,4264,4265,4266
1,100,'5645',3133,3134,3135,3136,3137,3138,3139,3140,3141,3142,3143,3144,3145,3146,3147,3148,3149,3150,3151,3152,3153,3154,3155
5,500,'5177',4267,4268,4269,4270,4271,4272,4273,4274,4275,4276,4277,4278,4279,4280,4281,4282,4283,4284,4285,4286,4287,4288
5,500,'5645',3181,3182,3183,3184,3185,3186,3187,3188,3189,3190,3191,3192,3193,3194,3195,3196,3197,3198,3199,3200,3201,3202
5,501,'5177',4289,4290,4291,4292,4293,4294,4295,4296,4297,4298,4299,4300,4301,4302,4303,4304,4305,4306,4307,4308,4309,4310
5,501,'5645',3233,3234,3235,3236,3237,3238,3239,3240,3241,3242,3243,3244,3245,3246,3247,3248,3249,3250,3251,3252,3253,3254
10,1000,'5177',4311,4312,4313,4314,4315,4316,4317,4318,4319,4320,4321,4322,4323,4324,4325,4326,4327,4328,4329,4330,4331,4332,4333,4334,4335,4336,4337,4338,4339
10,1000,'5645',3285,3286,3287,3288,3289,3290,3291,3292,3293,3294,3295,3296,3297,3298,3299,3300,3301,3302,3303,3304,3305,3306,3307,3308,3309,3310,3311,3312,3313
10,1001,'5177',4340,4341,4342,4343,4344,4345,4346,4347,4348,4349,4350,4351,4352,4353,4354,4355,4356,4357,4358,4359,4360,4361,4362,4363,4364,4365,4366,4367,4368
10,1001,'5645',3350,3351,3352,3353,3354,3355,3356,3357,3358,3359,3360,3361,3362,3363,3364,3365,3366,3367,3368,3369,3370,3371,3372,3373,3374,3375,3376,3377,3378
11,1101,'5177',4369,4370,4371,4372,4373,4374,4375,4376,4377,4378,4379,4380,4381,4382,4383,4384,4385,4386,4387
11,1101,'5645',3413,3414,3415,3416,3417,3418,3419,3420,3421,3422,3423,3424,3425,3426,3427,3428,3429,3430,3431
12,12019,'5177',4388
12,12019,'5645',3443
12,12029,'5177',4389,4390
12,12029,'5645',3444,3445
15,1500,'5177',4391,4392,4393,4394,4395,4396,4397,4398,4399,4400,4401,4402,4403,4404,4405,4406,4407,4408,4409,4410,4411,4412,4413,4414,4415,4416,4417,4418,4419,4420,4421,4422,4423,4424,4425,4426,4427,4428,4429,4430,4431,4432,4433,4434,4435,4436,4437,4438,4439,4440,4441,4442,4443,4444,4445,4446,4447
15,1500,'5645',3446,3447,3448,3449,3450,3451,3452,3453,3454,3455,3456,3457,3458,3459,3460,3461,3462,3463,3464,3465,3466,3503,3504,3505,3506,3507,3508,3509,3510,3511,3512,3513,3467,3468,3469,3470,3471,3472,3473,3474,3475,3476,3477,3478,3479,3480,3481,3482,3483,3484,3485,3486,3487
15,1501,'5177',4448,4449,4450,4451,4452,4453,4454,4455,4456,4457,4458,4459,4460,4461,4462,4463,4464,4465,4466,4467,4468,4469,4470,4471,4472,4473,4474,4475,4476,4477,4478,4479,4480,4481,4482,4483,4484,4485,4486,4487,4488,4489,4490,4491,4492,4493,4494,4495,4496,4497,4498,4499,4500,4501,4502,4503,4504
15,1501,'5645',3567,3568,3569,3570,3571,3572,3573,3574,3575,3576,3577,3578,3579,3580,3581,3582,3583,3584,3585,3586,3624,3625,3626,3627,3628,3629,3630,3631,3632,3633,3587,3588,3589,3590,3591,3592,3593,3594,3595,3596,3597,3598,3599,3600,3601,3602,3603,3604,3605,3606,3607,3608
16,1601,'5177',4505,4506,4507,4508,4509,4510,4511,4512,4513,4514,4515,4516,4517,4518,4519,4520,4521,4522,4523,4524,4525,4526,4527,4528,4529,4530,4531,4532,4533
16,1601,'5645',3687,3688,3689,3690,3691,3692,3693,3694,3695,3696,3697,3698,3699,3700,3701,3702,3703,3704,3716,3717,3718,3719,3720,3721,3722,3723,3724,3725,3726
46,4600,'5177',4534,4535,4536,4537,4538,4539,4540,4541,4542,4543,4544,4545,4546,4547
46,4600,'5645',3776,3777,3778,3779,3780,3781,3782,3783,3784,3785,3786,3787,3788,3789
46,4601,'5177',4548,4549,4550,4551,4552,4553,4554,4555,4556,4557,4558,4559,4560,4561
46,4601,'5645',3815,3816,3817,3818,3819,3820,3821,3822,3823,3824,3825,3826,3827,3828
47,4700,'5177',4562,4563,4564,4565,4566,4567,4568,4569,4570,4571,4572,4573,4574,4575
47,4700,'5645',3854,3855,3856,3857,3858,3859,3860,3861,3862,3863,3864,3865,3866,3867
47,4701,'5177',4576,4577,4578,4579,4580,4581,4582,4583,4584,4585,4586,4587,4588
47,4701,'5645',3868,3869,3870,3871,3872,3873,3874,3875,3876,3877,3878,3879,3880
55,55019,'5177',4589,4590,4591,4592,4593,4594,4595,4596,4597,4598,4599,4600,4601,4602,4603,4604,4605,4606,4607,4608
55,55019,'5645',3881,3882,3883,3884,3885,3886,3887,3888,3889,3890,3891,3892,3893,3894,3895,3896,3897,3898,3899,3900
55,55029,'5177',4609,4610,4611,4612,4613,4614,4615,4616,4617,4618,4619,4620,4621,4622,4623,4624,4625,4626,4627,4628,4629
55,55029,'5645',3927,3928,3929,3930,3931,3932,3933,3934,3935,3936,3937,3938,3939,3940,3941,3942,3943,3944,3945,3946,3947
88,8801,'5177',4630,4631,4632,4633,4634,4635,4636,4637,4638,4639,4640,4641,4642,4643,4644,4645,4646,4647,4648,4649,4650,4651,4652,4653,4654,4655,4656,4657,4658,4659,4660,4661,4662,4663,4664
88,8801,'5645',3974,3975,3976,3977,3978,3979,3980,3981,3982,3983,3984,3985,3986,3987,3988,3989,3990,3991,3992,3993,3994,3995,3996,3997,3998,3999,4000,4001,4002,4003,4004,4005,4006,4007,4008
89,8900,'5177',4665,4666,4667,4668,4669,4670,4671,4672,4673,4674,4675,4676,4677,4678,4679,4680,4681,4682,4683,4684,4685,4686,4687,4688,4689,4690,4691,4692,4693,4694,4695,4696,4697,4698,4699,4700
89,8900,'5645',4060,4061,4062,4063,4064,4065,4066,4067,4068,4069,4070,4071,4072,4073,4074,4075,4076,4077,4078,4079,4080,4081,4082,4083,4084,4085,4086,4087,4088,4089,4090,4091,4092,4093,4094,4095
91,9100,'5177',4701,4702,4703,4704,4705,4706,4707,4708,4709,4710,4711,4712,4713,4714
91,9100,'5645',4149,4150,4151,4152,4153,4154,4155,4156,4157,4158,4159,4160,4161,4162
91,9101,'5177',4715,4716,4717,4718,4719,4720,4721,4722,4723,4724,4725,4726,4727,4728,4729
91,9101,'5645',4187,4188,4189,4190,4191,4192,4193,4194,4195,4196,4197,4198,4199,4200,4201
96,9600,'5177',4730,4731,4732,4733
96,9600,'5645',4226,4227,4228,4229
96,9601,'5177',4734,4735,4736,4737
96,9601,'5645',4230,4231,4232,4233
97,97019,'5177',4738
97,97019,'5645',4234
97,97029,'5177',4739
97,97029,'5645',4235
161,16100,'5646',4236
161,16101,'5646',4238
162,16200,'5177',4740,4741,4742,4743
162,16200,'5647',4240,4241,4242,4243
