4600,'5177',736,,4541,1,,,0,100,,4543,1,,,0,100,,4542,1,,,0,100,,4546,1,,,0,100,,4544,1,,,0,100,,4545,1,,,0,100,,4547,1,,,0,100,,4534,1,,,0,100,,4535,1,,,0,100,,4536,1,,,0,100,,4537,1,,,0,100,,4538,1,,,0,100,,4540,1,,,0,100,,4539,1,,,0
4600,'5645',736,,3783,1,,,0,100,,3785,1,,,0,100,,3784,1,,,0,100,,3788,1,,,0,100,,3786,1,,,0,100,,3787,1,,,0,100,,3789,1,,,0,100,,3776,1,,,0,100,,3777,1,,,0,100,,3778,1,,,0,100,,3779,1,,,0,100,,3780,1,,,0,100,,3782,1,,,0,100,,3781,1,,,0
4601,'5177',732,,4554,32,4,,0,100,,4555,32,4,,0,100,,4556,32,4,,0,100,,4558,32,4,,0,100,,4559,32,4,,0,100,,4557,32,4,,0,100,,4560,32,4,,0,100,,4561,32,4,,0,100,,4553,32,4,,0,101,,4548,32,4,,0,100,,4550,32,4,,0,98,,4549,32,4,,0,100,,4551,32,4,,0,100,,4552,32,4,,0
4601,'5645',732,,3821,32,4,,0,100,,3822,32,4,,0,100,,3823,32,4,,0,100,,3825,32,4,,0,100,,3826,32,4,,0,100,,3824,32,4,,0,100,,3827,32,4,,0,100,,3828,32,4,,0,100,,3820,32,4,,0,101,,3815,32,4,,0,100,,3817,32,4,,0,98,,3816,32,4,,0,100,,3818,32,4,,0,100,,3819,32,4,,0
4700,'5177',707,,4575,1,,,0,100,,4563,1,,,0,100,,4573,1,,,0,100,,4569,1,,,0,100,,4572,1,,,0,100,,4574,1,,,0,100,,4562,1,,,0,100,,4571,1,,,0,100,,4564,1,,,0,100,,4570,1,,,0,100,,4566,1,,,0,100,,4567,1,,,0,100,,4568,1,,,0,100,,4565,1,,,0
4700,'5645',707,,3867,1,,,0,100,,3855,1,,,0,100,,3865,1,,,0,100,,3861,1,,,0,100,,3864,1,,,0,100,,3866,1,,,0,100,,3854,1,,,0,100,,3863,1,,,0,100,,3856,1,,,0,100,,3862,1,,,0,100,,3858,1,,,0,100,,3859,1,,,0,100,,3860,1,,,0,100,,3857,1,,,0
4701,'5177',803,,4584,18,4,,0,100,,4585,18,4,,0,100,,4588,18,4,,0,100,,4583,18,4,,0,100,,4586,18,4,,0,100,,4587,18,4,,0,100,,4576,18,4,,0,100,,4581,18,4,,0,100,,4579,18,4,,0,100,,4578,18,4,,0,100,,4582,18,4,,0,100,,4577,18,4,,0,100,,4580,18,4,,0
4701,'5645',803,,3876,18,4,,0,100,,3877,18,4,,0,100,,3880,18,4,,0,100,,3875,18,4,,0,100,,3878,18,4,,0,100,,3879,18,4,,0,100,,3868,18,4,,0,100,,3873,18,4,,0,100,,3871,18,4,,0,100,,3870,18,4,,0,100,,3874,18,4,,0,100,,3869,18,4,,0,100,,3872,18,4,,0
8801,'5177',657,,4659,23,,,0,70,,4652,23,,,0,30,,4661,23,,,0,62,,4647,23,,,0,20,,4653,23,,,0,18,,4656,23,,,0,63,,4651,23,,,0,19,,4654,23,,,0,18,,4660,23,,,0,70,,4632,23,,,0,30,,4640,23,,,0,70,,4646,23,,,0,30,,4662,23,,,0,70,,4634,23,,,0,30,,4641,23,,,0,70,,4649,23,,,0,30,,4645,23,,,0,70,,4630,23,,,0,30,,4639,23,,,0,58,,4663,23,,,0,20,,4648,23,,,0,22,,4655,23,,,0,58,,4643,23,,,0,20,,4637,23,,,0,22,,4631,23,,,0,58,,4664,23,,,0,20,,4658,23,,,0,22,,4657,23,,,0,70,,4638,23,,,0,30,,4636,23,,,0,70,,4644,23,,,0,30,,4650,23,,,0,100,,4635,23,,,0,100,,4642,23,,,0,91,,4633,23,4,,0
8801,'5645',657,,4003,23,,,0,70,,3996,23,,,0,30,,4005,23,,,0,62,,3991,23,,,0,20,,3997,23,,,0,18,,4000,23,,,0,63,,3995,23,,,0,19,,3998,23,,,0,18,,4004,23,,,0,70,,3976,23,,,0,30,,3984,23,,,0,70,,3990,23,,,0,30,,4006,23,,,0,70,,3978,23,,,0,30,,3985,23,,,0,70,,3993,23,,,0,30,,3989,23,,,0,70,,3974,23,,,0,30,,3983,23,,,0,58,,4007,23,,,0,20,,3992,23,,,0,22,,3999,23,,,0,58,,3987,23,,,0,20,,3981,23,,,0,22,,3975,23,,,0,58,,4008,23,,,0,20,,4002,23,,,0,22,,4001,23,,,0,70,,3982,23,,,0,30,,3980,23,,,0,70,,3988,23,,,0,30,,3994,23,,,0,100,,3979,23,,,0,100,,3986,23,,,0,91,,3977,23,4,,0
16100,'5646',1106,,4236,29,,,0
