8900,'5177',702,,4697,1,,,0,40,10,4677,23,,,0,60,50,4694,23,,,0,22,10,4679,23,,,0,19,10,4684,23,,,0,59,50,4693,23,,,0,22,10,4680,23,,,0,19,10,4681,23,,,0,59,50,4668,23,,,0,30,10,4678,23,,,0,70,50,4688,23,,,0,30,10,4666,23,,,0,70,50,4667,23,,,0,30,10,4675,23,,,0,70,50,4691,23,,,0,30,10,4665,23,,,0,70,50,4670,23,,,0,30,10,4676,23,,,0,70,50,4690,23,,,0,18,10,4699,23,,,0,19,10,4669,23,,,0,63,50,4671,23,,,0,18,10,4700,23,,,0,19,10,4683,23,,,0,63,50,4689,23,,,0,30,10,4685,23,,,0,70,50,4674,23,,,0,30,10,4687,23,,,0,70,50,4682,23,,,0,30,10,4696,23,,,0,70,50,4673,23,,,0,100,50,4692,23,,,0,100,50,4672,23,,,0
8900,'5645',702,,4092,1,,,0,40,10,4072,23,,,0,60,50,4089,23,,,0,22,10,4074,23,,,0,19,10,4079,23,,,0,59,50,4088,23,,,0,22,10,4075,23,,,0,19,10,4076,23,,,0,59,50,4063,23,,,0,30,10,4073,23,,,0,70,50,4083,23,,,0,30,10,4061,23,,,0,70,50,4062,23,,,0,30,10,4070,23,,,0,70,50,4086,23,,,0,30,10,4060,23,,,0,70,50,4065,23,,,0,30,10,4071,23,,,0,70,50,4085,23,,,0,18,10,4094,23,,,0,19,10,4064,23,,,0,63,50,4066,23,,,0,18,10,4095,23,,,0,19,10,4078,23,,,0,63,50,4084,23,,,0,30,10,4080,23,,,0,70,50,4069,23,,,0,30,10,4082,23,,,0,70,50,4077,23,,,0,30,10,4091,23,,,0,70,50,4068,23,,,0,100,50,4087,23,,,0,100,50,4067,23,,,0
9100,'5177',704,,4701,1,,,0,100,,4703,1,,,0,100,,4704,1,,,0,100,,4707,1,,,0,100,,4702,1,,,0,100,,4709,1,,,0,100,,4706,1,,,0,100,,4708,1,,,0,100,,4711,1,,,0,100,,4705,1,,,0,100,,4712,1,,,0,100,,4713,1,,,0,100,,4710,1,,,0,100,,4714,1,,,0
9100,'5645',704,,4149,1,,,0,100,,4151,1,,,0,100,,4152,1,,,0,100,,4155,1,,,0,100,,4150,1,,,0,100,,4157,1,,,0,100,,4154,1,,,0,100,,4156,1,,,0,100,,4159,1,,,0,100,,4153,1,,,0,100,,4160,1,,,0,100,,4161,1,,,0,100,,4158,1,,,0,100,,4162,1,,,0
9101,'5177',658,,4716,37,4,,0,100,,4715,37,4,,0,100,,4718,37,4,,0,100,,4719,37,4,,0,100,,4717,37,4,,0,100,,4720,37,4,,0,100,,4721,37,4,,0,100,,4725,37,4,,0,144,,4724,37,4,,0,56,,4722,37,4,,0,101,,4723,37,4,,0,100,,4728,37,4,,0,99,,4726,37,4,,0,100,,4727,37,4,,0,100,,4729,37,4,,0
9101,'5645',658,,4188,37,4,,0,100,,4187,37,4,,0,100,,4190,37,4,,0,100,,4191,37,4,,0,100,,4189,37,4,,0,100,,4192,37,4,,0,100,,4193,37,4,,0,100,,4197,37,4,,0,144,,4196,37,4,,0,56,,4194,37,4,,0,101,,4195,37,4,,0,100,,4200,37,4,,0,99,,4198,37,4,,0,100,,4199,37,4,,0,100,,4201,37,4,,0
9600,'5177',740,,4730,1,0,14 15 16 17,0,3,,4732,1,0,14 15 16 17,0,97,,4731,17,4,,0,3,,4733,17,4,,0
9600,'5645',740,,4226,1,0,14 15 16 17,0,3,,4228,1,0,14 15 16 17,0,97,,4227,17,4,,0,3,,4229,17,4,,0
9601,'5177',1445,,4734,1,,,0,98,,4735,30,4,,0,5,,4736,30,4,,0
9601,'5645',1445,,4230,1,,,0,98,,4231,30,4,,0,5,,4232,30,4,,0
97019,'5177',750,,4738,1,,,0,88,,4738,47,4,,0
97019,'5645',750,,4234,1,,,0,88,,4234,47,4,,0
97029,'5177',1455,,4739,1,,,0,90,,4739,37,4,,0
97029,'5645',1455,,4235,1,,,0,90,,4235,37,4,,0
