1500,'4614',655,,5061,13,,,0,100,,5075,14,,,0,70,,5057,14,,,0,11,,5097,14,,,0,70,,5091,14,,,0,19,,5059,14,,,0,11,,5085,14,,,0,19,,5074,14,,,0,51,,5079,14,,,0,30,,5095,14,,,0,19,,5064,14,,,0,51,,5078,14,,,0,19,,5058,14,,,0,11,,5090,14,,,0,70,,5080,14,,,0,19,,5060,14,,,0,11,,5088,14,,,0,19,,5066,14,,,0,51,,5082,14,,,0,30,,5096,14,,,0,19,,5067,14,,,0,51,,5093,14,,,0,19,,5062,14,,,0,11,,5092,14,,,0,70,,5084,14,,,0,19,,5077,14,,,0,11,,5094,14,,,0,19,,5065,14,,,0,51,,5081,14,,,0,30,,5089,14,,,0,19,,5068,14,,,0,51,,5083,14,,,0,19,,5076,14,,,0,11,,5086,14,,,0,70,,5087,14,,,0,19,,5063,14,,,0,11,,5098,14,,,0,19,,5069,14,,,0,100,,5071,14,,,0,70,,5073,14,,,0,100,,5072,14,,,0,30,,5070,14,,,0
1500,'4616',725,,5122,14,,,0,100,,5099,14,,,0,100,,5100,14,,,0,100,,5103,14,,,0,30,,5102,14,,,0,70,,5101,14,,,0,30,,5105,14,,,0,70,,5106,14,,,0,30,,5107,14,,,0,70,,5104,14,,,0,30,,5112,14,,,0,70,,5113,14,,,0,30,,5111,14,,,0,70,,5109,14,,,0,30,,5115,14,,,0,70,,5116,14,,,0,29,,5114,14,,,0,71,,5110,14,,,0,30,,5117,14,,,0,70,,5108,14,,,0,30,,5123,14,,,0,70,,5119,14,,,0,100,,5120,14,,,0,100,,5121,14,,,0,100,,5118,14,,,0,100,,5125,16,0,18 19,0,100,,5124,16,0,18 19,0,100,,5127,16,0,18 19,0,100,,5126,16,0,18 19,0
1500,'4619',725,,5128,14,,,0,130,,5138,14,,,0,170,,5130,14,,,0,130,,5131,14,,,0,170,,5129,14,,,0,130,,5133,14,,,0,170,,5137,14,,,0,130,,5132,14,,,0,170,,5135,14,,,0,130,,5136,14,,,0,170,,5134,14,,,0,100,,5141,16,0,18 19,0,100,,5142,16,0,18 19,0,100,,5139,16,0,18 19,0,100,,5140,16,0,18 19,0
1500,'4931',725,,5143,14,,,0,130,,5153,14,,,0,170,,5145,14,,,0,130,,5146,14,,,0,170,,5144,14,,,0,130,,5148,14,,,0,170,,5152,14,,,0,130,,5147,14,,,0,170,,5150,14,,,0,130,,5151,14,,,0,170,,5149,14,,,0
1500,'5454',725,,5177,14,,,0,100,,5164,14,,,0,100,,5159,14,,,0,100,,5154,14,,,0,30,,5171,14,,,0,70,,5155,14,,,0,30,,5172,14,,,0,70,,5156,14,,,0,30,,5173,14,,,0,70,,5157,14,,,0,30,,5169,14,,,0,70,,5158,14,,,0,30,,5170,14,,,0,70,,5160,14,,,0,30,,5174,14,,,0,70,,5161,14,,,0,29,,5175,14,,,0,71,,5162,14,,,0,30,,5176,14,,,0,70,,5163,14,,,0,100,,5166,14,,,0,100,,5167,14,,,0,100,,5168,14,,,0,100,,5165,14,,,0
4600,'4614',752,,5394,17,,,0,101,,5396,17,,,0,99,,5395,17,,,0,100,,5399,17,,,0,100,,5397,17,,,0,100,,5398,17,,,0,100,,5400,17,,,0,100,,5387,17,,,0,100,,5388,17,,,0,100,,5389,17,,,0,100,,5390,17,,,0,100,,5391,17,,,0,99,,5393,17,,,0,100,,5392,17,,,0
4600,'4616',824,,5401,17,,,0,100,,5410,17,,,0,100,,5414,17,,,0,100,,5406,17,,,0,100,,5403,17,,,0,100,,5407,17,,,0,100,,5409,17,,,0,100,,5411,17,,,0,100,,5404,17,,,0,100,,5412,17,,,0,100,,5408,17,,,0,100,,5402,17,,,0,100,,5413,17,,,0
4600,'5454',924,,5424,17,,,0,100,,5425,17,,,0,100,,5416,17,,,0,100,,5418,17,,,0,100,,5420,17,,,0,100,,5415,17,,,0,100,,5422,17,,,0,100,,5423,17,,,0,100,,5419,17,,,0,100,,5421,17,,,0,100,,5417,17,,,0
55019,'4614',750,,5504,27,,,0,80,,5502,27,,,0,20,,5505,27,,,0,80,,5501,27,,,0,20,,5506,27,,,0,100,,5496,27,,,0,100,,5492,27,,,0,100,,5508,27,,,0,100,,5507,27,,,0,98,,5499,27,,,0,104,,5503,27,,,0,72,,5511,27,,,0,29,,5493,27,,,0,72,,5500,27,,,0,29,,5494,27,,,0,71,,5509,27,,,0,28,,5495,27,,,0,71,,5510,27,,,0,26,,5497,27,,,0,100,,5498,27,,,0
55019,'4616',811,,5512,27,,,0,108,,5513,27,,,0,100,,5518,27,,,0,100,,5515,27,,,0,100,,5517,27,,,0,100,,5516,27,,,0,100,,5514,27,,,0,100,,5525,27,,,0,100,,5521,27,,,0,100,,5526,27,,,0,100,,5523,27,,,0,100,,5520,27,,,0,100,,5524,27,,,0,100,,5519,27,,,0,100,,5522,27,,,0
55019,'5454',919,,5531,27,,,0,100,,5537,27,,,0,100,,5530,27,,,0,100,,5527,27,,,0,100,,5532,27,,,0,100,,5529,27,,,0,100,,5533,27,,,0,100,,5528,27,,,0,100,,5536,27,,,0,100,,5535,27,,,0,100,,5534,27,,,0
