500,'4614',708,,4794,1,,,0,28,,4803,1,,,0,65,,4793,1,,,0,35,,4804,1,,,0,65,,4792,1,,,0,35,,4805,1,,,0,100,,4809,1,,,0,100,,4810,1,,,0,100,,4806,1,,,0,100,,4807,1,,,0,100,,4808,1,,,0,100,,4798,1,,,0,70,,4812,1,,,0,30,,4796,1,,,0,70,,4795,1,,,0,30,,4797,1,,,0,70,,4813,1,,,0,30,,4801,1,,,0,100,,4799,1,,,0,100,,4800,1,,,0,100,,4802,1,,,0,100,,4811,1,,,0
500,'4616',738,,4816,1,,,0,98,,4819,1,,,0,100,,4817,1,,,0,100,,4823,1,,,0,100,,4814,1,,,0,100,,4824,1,,,0,100,,4828,1,,,0,100,,4826,1,,,0,100,,4815,1,,,0,100,,4825,1,,,0,100,,4827,1,,,0,100,,4821,1,,,0,100,,4822,1,,,0,100,,4820,1,,,0,100,,4818,1,,,0
500,'5454',738,,4835,1,,,0,98,,4829,1,,,0,100,,4834,1,,,0,100,,4833,1,,,0,100,,4836,1,,,0,100,,4831,1,,,0,100,,4830,1,,,0,100,,4832,1,,,0,100,,4843,1,,,0,100,,4842,1,,,0,100,,4841,1,,,0,100,,4840,1,,,0,100,,4839,1,,,0,100,,4837,1,,,0,100,,4838,1,,,0
501,'4614',708,,4844,10,4,,0,24,,4855,25,4,,0,68,,4846,25,4,,0,33,,4856,25,4,,0,68,,4847,25,4,,0,32,,4857,25,4,,0,100,,4854,25,4,,0,100,,4859,25,4,,0,100,,4861,25,4,,0,100,,4858,25,4,,0,100,,4862,25,4,,0,100,,4860,25,4,,0,70,,4864,25,4,,0,30,,4863,25,4,,0,70,,4845,25,4,,0,30,,4850,25,4,,0,68,,4865,25,4,,0,31,,4852,25,4,,0,100,,4851,25,4,,0,100,,4849,25,4,,0,100,,4848,25,4,,0,99,,4853,25,4,,0
501,'4616',735,,4877,10,4,,0,98,,4876,25,4,,0,100,,4867,25,4,,0,100,,4878,25,4,,0,100,,4873,25,4,,0,100,,4879,25,4,,0,100,,4866,25,4,,0,100,,4875,25,4,,0,100,,4869,25,4,,0,100,,4880,25,4,,0,100,,4874,25,4,,0,100,,4870,25,4,,0,100,,4868,25,4,,0,100,,4871,25,4,,0,100,,4872,25,4,,0
501,'5454',735,,4888,10,4,,0,98,,4887,25,4,,0,100,,4882,25,4,,0,100,,4881,25,4,,0,100,,4884,25,4,,0,100,,4886,25,4,,0,100,,4885,25,4,,0,100,,4883,25,4,,0,100,,4895,25,4,,0,100,,4894,25,4,,0,100,,4893,25,4,,0,100,,4892,25,4,,0,100,,4891,25,4,,0,100,,4889,25,4,,0,100,,4890,25,4,,0
55019,'4614',729,,5504,1,,,0,80,,5502,1,,,0,20,,5505,1,,,0,80,,5501,1,,,0,20,,5506,1,,,0,100,,5496,1,,,0,100,,5492,1,,,0,100,,5508,1,,,0,100,,5507,1,,,0,100,,5499,1,,,0,99,,5503,1,,,0,72,,5511,1,,,0,31,,5493,1,,,0,72,,5500,1,,,0,29,,5494,1,,,0,72,,5509,1,,,0,28,,5495,1,,,0,72,,5510,1,,,0,26,,5497,1,,,0,100,,5498,1,,,0
55019,'4616',752,,5512,1,,,0,148,,5513,1,,,0,100,,5518,1,,,0,100,,5515,1,,,0,100,,5517,1,,,0,100,,5516,1,,,0,100,,5514,1,,,0,100,,5525,1,,,0,100,,5521,1,,,0,100,,5526,1,,,0,100,,5523,1,,,0,100,,5520,1,,,0,100,,5524,1,,,0,100,,5519,1,,,0,100,,5522,1,,,0
55019,'5454',900,,5531,1,,,0,100,,5537,1,,,0,100,,5530,1,,,0,100,,5527,1,,,0,100,,5532,1,,,0,100,,5529,1,,,0,100,,5533,1,,,0,100,,5528,1,,,0,100,,5536,1,,,0,100,,5535,1,,,0,100,,5534,1,,,0
55029,'4614',729,,5551,22,4,,0,79,,5538,35,4,,0,20,,5556,35,4,,0,80,,5540,35,4,,0,20,,5543,35,4,,0,100,,5552,35,4,,0,101,,5553,35,4,,0,100,,5555,35,4,,0,100,,5554,35,4,,0,100,,5557,35,4,,0,99,,5544,35,4,,0,72,,5558,22,4,,0,31,,5541,35,4,,0,72,,5547,35,4,,0,29,,5539,35,4,,0,72,,5550,35,4,,0,28,,5542,35,4,,0,70,,5549,35,4,,0,28,,5546,35,4,,0,100,,5545,35,4,,0
55029,'4616',752,,5560,22,4,,0,148,,5562,35,4,,0,100,,5565,35,4,,0,100,,5563,35,4,,0,100,,5561,35,4,,0,100,,5567,35,4,,0,100,,5564,35,4,,0,100,,5566,35,4,,0,100,,5571,35,4,,0,100,,5570,35,4,,0,100,,5568,35,4,,0,100,,5559,35,4,,0,100,,5573,35,4,,0,100,,5572,35,4,,0,100,,5569,35,4,,0
55029,'5454',900,,5580,36,4,,0,100,,5582,36,4,,0,100,,5581,36,4,,0,100,,5583,36,4,,0,100,,5576,36,4,,0,100,,5584,36,4,,0,100,,5578,36,4,,0,100,,5575,36,4,,0,100,,5574,36,4,,0,100,,5579,36,4,,0,100,,5577,36,4,,0
8900,'4614',717,,5683,16,,,0,20,,5700,16,,,0,22,,5685,16,,,0,59,,5690,16,,,0,19,,5699,16,,,0,22,,5686,16,,,0,59,,5687,16,,,0,19,,5674,16,,,0,70,,5684,16,,,0,30,,5694,16,,,0,70,,5672,16,,,0,30,,5673,16,,,0,70,,5681,16,,,0,30,,5697,16,,,0,70,,5671,16,,,0,30,,5676,16,,,0,70,,5682,16,,,0,30,,5696,16,,,0,18,,5705,16,,,0,59,,5675,16,,,0,23,,5677,16,,,0,18,,5706,16,,,0,59,,5689,16,,,0,23,,5695,16,,,0,70,,5691,16,,,0,30,,5680,16,,,0,70,,5693,16,,,0,30,,5688,16,,,0,70,,5702,16,,,0,30,,5679,16,,,0,100,,5698,16,,,0,100,,5678,16,,,0,100,,5692,16,4,,0
8900,'4616',737,,5734,16,,,0,70,,5707,16,,,0,30,,5733,16,,,0,70,,5708,16,,,0,30,,5732,16,,,0,70,,5709,16,,,0,30,,5729,16,,,0,70,,5710,16,,,0,30,,5728,16,,,0,70,,5712,16,,,0,30,,5724,16,,,0,70,,5714,16,,,0,30,,5727,16,,,0,70,,5711,16,,,0,30,,5725,16,,,0,70,,5717,16,,,0,30,,5730,16,,,0,70,,5718,16,,,0,30,,5731,16,,,0,70,,5713,16,,,0,30,,5735,16,,,0,70,,5716,16,,,0,30,,5736,16,,,0,70,,5715,16,,,0,100,,5719,16,,,0,100,,5720,16,,,0,100,,5721,16,,,0,100,,5722,16,4,,0
8900,'5454',807,,5749,16,,,0,100,,5746,16,,,0,100,,5737,16,,,0,100,,5738,16,,,0,100,,5739,16,,,0,30,,5759,16,,,0,70,,5740,16,,,0,30,,5757,16,,,0,70,,5741,16,,,0,30,,5754,16,,,0,70,,5742,16,,,0,30,,5755,16,,,0,70,,5744,16,,,0,30,,5756,16,,,0,70,,5745,16,,,0,100,,5747,16,,,0,100,,5743,16,,,0,100,,5751,16,,,0,100,,5753,16,,,0,100,,5748,16,,,0,100,,5752,16,4,,0
16101,'4616',1516,,5849,4,,,0
16101,'5292',1516,,5850,4,,,0
