1601,'4614',709,,5299,6,,,0,30,,5301,6,,,0,100,,5302,6,,,0,70,,5308,6,,,0,100,,5309,6,,,0,30,,5303,6,,,0,100,,5298,6,,,0,70,,5311,6,,,0,100,,5312,6,,,0,30,,5304,6,,,0,100,,5305,6,,,0,70,,5310,6,,,0,100,,5313,6,,,0,30,,5300,6,,,0,100,,5306,6,,,0,70,,5314,6,,,0,100,,5315,6,,,0,130,,5307,6,,,0
1601,'4616',744,,5318,3,0,13,0,95,,5319,6,,,0,100,,5317,6,,,0,70,,5332,6,,,0,30,,5316,6,,,0,70,,5334,6,,,0,30,,5324,6,,,0,70,,5336,6,,,0,30,,5325,6,,,0,70,,5337,6,,,0,30,,5321,6,,,0,70,,5333,6,,,0,30,,5323,6,,,0,70,,5335,6,,,0,30,,5326,6,,,0,70,,5338,6,,,0,30,,5327,6,,,0,100,,5328,6,,,0,100,,5322,6,,,0,100,,5329,6,,,0,100,,5330,6,,,0,100,,5331,6,,,0,71,,5320,6,,,0
1601,'4619',639,,5339,3,0,13,0,170,,5345,6,,,0,130,,5342,6,,,0,170,,5344,6,,,0,130,,5340,6,,,0,170,,5347,6,,,0,130,,5341,6,,,0,170,,5348,6,,,0,130,,5346,6,,,0,170,,5349,6,,,0,130,,5343,6,,,0
1601,'4931',639,,5350,3,0,13,0,170,,5356,6,,,0,130,,5353,6,,,0,170,,5355,6,,,0,130,,5351,6,,,0,170,,5358,6,,,0,130,,5352,6,,,0,170,,5359,6,,,0,130,,5357,6,,,0,170,,5360,6,,,0,130,,5354,6,,,0
1601,'5454',940,,5361,6,,,0,100,,5362,6,,,0,100,,5363,6,,,0,100,,5366,6,,,0,100,,5367,6,,,0,100,,5368,6,,,0,100,,5364,6,,,0,100,,5365,6,,,0,100,,5369,6,,,0
1900,'4616',809,,5370,6,,,0,100,,5371,6,,,0,800,,5372,6,,,0,100,,5374,6,,,0,100,,5373,6,,,0,100,,5375,6,,,0,100,,5376,6,,,0
1900,'5454',909,,5385,6,,,0,100,,5377,6,,,0,100,,5379,6,,,0,100,,5380,6,,,0,100,,5381,6,,,0,100,,5378,6,,,0,100,,5382,6,,,0,100,,5383,6,,,0,100,,5384,6,,,0,100,,5386,6,,,0
8801,'4614',709,,5614,37,,,0,30,,5607,37,,,0,70,,5616,37,,,0,22,,5602,37,,,0,20,,5608,37,,,0,58,,5611,37,,,0,23,,5606,37,,,0,19,,5609,37,,,0,58,,5615,37,,,0,30,,5587,37,,,0,70,,5595,37,,,0,30,,5601,37,,,0,70,,5617,37,,,0,30,,5589,37,,,0,70,,5596,37,,,0,30,,5604,37,,,0,70,,5600,37,,,0,30,,5585,37,,,0,70,,5594,37,,,0,18,,5618,37,,,0,20,,5603,37,,,0,62,,5610,37,,,0,18,,5598,37,,,0,20,,5592,37,,,0,62,,5586,37,,,0,18,,5619,37,,,0,20,,5613,37,,,0,62,,5612,37,,,0,30,,5593,37,,,0,70,,5591,37,,,0,30,,5599,37,,,0,70,,5605,37,,,0,100,,5590,37,,,0,100,,5597,37,,,0
8801,'4616',739,,5620,37,,,0,70,,5644,37,,,0,30,,5622,37,,,0,70,,5643,37,,,0,30,,5624,37,,,0,70,,5639,37,,,0,30,,5625,37,,,0,70,,5641,37,,,0,30,,5621,37,,,0,70,,5640,37,,,0,30,,5627,37,,,0,70,,5642,37,,,0,30,,5628,37,,,0,70,,5637,37,,,0,30,,5626,37,,,0,70,,5647,37,,,0,30,,5629,37,,,0,70,,5638,37,,,0,30,,5630,37,,,0,70,,5645,37,,,0,30,,5623,37,,,0,70,,5646,37,,,0,30,,5632,37,,,0,100,,5633,37,,,0,100,,5634,37,,,0,100,,5631,37,,,0,100,,5635,37,,,0
8801,'5454',739,,5661,37,,,0,100,,5660,37,,,0,100,,5655,37,,,0,100,,5649,37,,,0,100,,5650,37,,,0,70,,5669,37,,,0,30,,5651,37,,,0,70,,5668,37,,,0,30,,5652,37,,,0,70,,5665,37,,,0,30,,5653,37,,,0,70,,5666,37,,,0,30,,5648,37,,,0,70,,5667,37,,,0,30,,5654,37,,,0,70,,5670,37,,,0,30,,5656,37,,,0,100,,5657,37,,,0,100,,5658,37,,,0,100,,5659,37,,,0,100,,5662,37,,,0,100,,5663,37,,,0
