500,'4614',715,,3183,11,,,0,28,,3192,11,,,0,65,,3182,11,,,0,35,,3193,11,,,0,65,,3181,11,,,0,35,,3194,11,,,0,100,,3198,11,,,0,100,,3199,11,,,0,100,,3195,11,,,0,100,,3196,11,,,0,100,,3197,11,,,0,100,,3187,11,,,0,70,,3201,11,,,0,30,,3185,11,,,0,70,,3184,11,,,0,30,,3186,11,,,0,70,,3202,11,,,0,30,,3190,11,,,0,100,,3188,11,,,0,100,,3189,11,,,0,100,,3191,11,,,0,100,,3200,11,,,0
500,'5544',745,,3209,11,,,0,98,,3203,11,,,0,100,,3208,11,,,0,100,,3207,11,,,0,100,,3210,11,,,0,100,,3205,11,,,0,100,,3204,11,,,0,100,,3206,11,,,0,100,,3217,11,,,0,100,,3216,11,,,0,100,,3215,11,,,0,100,,3214,11,,,0,100,,3213,11,,,0,100,,3211,11,,,0,100,,3212,11,,,0
500,'5547',745,,3220,11,,,0,98,,3223,11,,,0,100,,3221,11,,,0,100,,3227,11,,,0,100,,3218,11,,,0,100,,3228,11,,,0,100,,3232,11,,,0,100,,3230,11,,,0,100,,3219,11,,,0,100,,3229,11,,,0,100,,3231,11,,,0,100,,3225,11,,,0,100,,3226,11,,,0,100,,3224,11,,,0,100,,3222,11,,,0
1101,'4614',724,3,3419,33,,,0,30,3,3418,33,,,0,70,3,3413,33,,,0,30,3,3424,33,,,0,70,3,3420,33,,,0,30,3,3414,33,,,0,70,3,3426,33,,,0,100,3,3415,33,,,0,100,3,3428,33,,,0,100,3,3421,33,,,0,100,3,3416,33,,,0,100,3,3423,33,,,0,22,,3427,34,,,0,78,3,3430,33,,,0,30,3,3425,33,,,0,70,3,3417,33,,,0,30,3,3429,33,,,0,70,3,3422,33,,,0,30,3,3431,33,,,0
1101,'5547',754,3,3432,33,,,0,100,3,3433,33,,,0,100,3,3434,33,,,0,100,3,3435,33,,,0,100,3,3436,33,,,0,100,3,3437,33,,,0,100,3,3438,33,,,0,100,3,3439,33,,,0,100,3,3440,33,,,0,100,3,3441,33,,,0,100,3,3442,33,,,0
1500,'4614',643,,3450,1,,,0,100,2,3464,2,,,0,70,2,3446,2,,,0,13,,3486,2,,,0,30,,3480,2,,,0,57,2,3448,2,,,0,13,,3474,2,,,0,17,2,3463,2,,,0,13,,3468,2,,,0,70,,3484,2,,,0,17,2,3453,2,,,0,13,,3467,2,,,0,57,2,3447,2,,,0,13,,3479,2,,,0,30,,3469,2,,,0,57,2,3449,2,,,0,13,,3477,2,,,0,17,2,3455,2,,,0,13,,3471,2,,,0,70,,3485,2,,,0,17,2,3456,2,,,0,13,,3482,2,,,0,57,2,3451,2,,,0,13,,3481,2,,,0,30,,3473,2,,,0,57,2,3466,2,,,0,13,,3483,2,,,0,17,2,3454,2,,,0,13,,3470,2,,,0,70,,3478,2,,,0,17,2,3457,2,,,0,13,,3472,2,,,0,57,2,3465,2,,,0,13,,3475,2,,,0,30,,3476,2,,,0,57,2,3452,2,,,0,13,,3487,2,,,0,17,2,3458,2,,,0,100,2,3460,2,,,0,70,2,3462,2,,,0,100,2,3461,2,,,0,30,2,3459,2,,,0
1500,'4619',713,2,3488,2,,,0,130,2,3498,2,,,0,170,2,3490,2,,,0,130,2,3491,2,,,0,170,2,3489,2,,,0,130,2,3493,2,,,0,170,2,3497,2,,,0,130,2,3492,2,,,0,170,2,3495,2,,,0,130,2,3496,2,,,0,170,2,3494,2,,,0,100,2,3501,2,0,18 19,0,100,2,3502,2,0,18 19,0,100,2,3499,2,0,18 19,0,100,2,3500,2,0,18 19,0
1500,'4931',713,2,3503,2,,,0,130,2,3513,2,,,0,170,2,3505,2,,,0,130,2,3506,2,,,0,170,2,3504,2,,,0,130,2,3508,2,,,0,170,2,3512,2,,,0,130,2,3507,2,,,0,170,2,3510,2,,,0,130,2,3511,2,,,0,170,2,3509,2,,,0
1500,'5544',713,2,3537,2,,,0,100,2,3524,2,,,0,100,2,3519,2,,,0,100,2,3514,2,,,0,30,2,3531,2,,,0,70,2,3515,2,,,0,30,2,3532,2,,,0,70,2,3516,2,,,0,30,2,3533,2,,,0,70,2,3517,2,,,0,30,2,3529,2,,,0,70,2,3518,2,,,0,30,2,3530,2,,,0,70,2,3520,2,,,0,30,2,3534,2,,,0,70,2,3521,2,,,0,29,2,3535,2,,,0,71,2,3522,2,,,0,30,2,3536,2,,,0,70,2,3523,2,,,0,100,2,3526,2,,,0,100,2,3527,2,,,0,100,2,3528,2,,,0,100,2,3525,2,,,0
1500,'5547',713,2,3561,2,,,0,100,2,3538,2,,,0,100,2,3539,2,,,0,100,2,3542,2,,,0,30,2,3541,2,,,0,70,2,3540,2,,,0,30,2,3544,2,,,0,70,2,3545,2,,,0,30,2,3546,2,,,0,70,2,3543,2,,,0,30,2,3551,2,,,0,70,2,3552,2,,,0,30,2,3550,2,,,0,70,2,3548,2,,,0,30,2,3554,2,,,0,70,2,3555,2,,,0,29,2,3553,2,,,0,71,2,3549,2,,,0,30,2,3556,2,,,0,70,2,3547,2,,,0,30,2,3562,2,,,0,70,2,3558,2,,,0,100,2,3559,2,,,0,100,2,3560,2,,,0,100,2,3557,2,,,0,100,2,3564,2,0,18 19,0,100,2,3563,2,0,18 19,0,100,2,3566,2,0,18 19,0,100,2,3565,2,0,18 19,0
