1500,'4614',736,,5075,1,,,0,70,,5057,1,,,0,15,,5097,1,,,0,30,,5091,1,,,0,55,,5059,1,,,0,15,,5085,1,,,0,15,,5074,1,,,0,15,,5079,1,,,0,70,,5095,1,,,0,15,,5064,1,,,0,15,,5078,1,,,0,55,,5058,1,,,0,15,,5090,1,,,0,30,,5080,1,,,0,55,,5060,1,,,0,15,,5088,1,,,0,15,,5066,1,,,0,15,,5082,1,,,0,70,,5096,1,,,0,15,,5067,1,,,0,15,,5093,1,,,0,55,,5062,1,,,0,15,,5092,1,,,0,30,,5084,1,,,0,55,,5077,1,,,0,15,,5094,1,,,0,15,,5065,1,,,0,15,,5081,1,,,0,70,,5089,1,,,0,15,,5068,1,,,0,15,,5083,1,,,0,55,,5076,1,,,0,15,,5086,1,,,0,30,,5087,1,,,0,55,,5063,1,,,0,15,,5098,1,,,0,15,,5069,1,,,0,100,,5071,1,,,0,70,,5073,1,,,0,100,,5072,1,,,0,30,,5070,1,,,0
1500,'4616',706,,5122,1,,,0,100,,5099,1,,,0,100,,5100,1,,,0,100,,5103,1,,,0,30,,5102,1,,,0,70,,5101,1,,,0,30,,5105,1,,,0,70,,5106,1,,,0,30,,5107,1,,,0,70,,5104,1,,,0,30,,5112,1,,,0,70,,5113,1,,,0,30,,5111,1,,,0,70,,5109,1,,,0,30,,5115,1,,,0,70,,5116,1,,,0,29,,5114,1,,,0,71,,5110,1,,,0,30,,5117,1,,,0,70,,5108,1,,,0,30,,5123,1,,,0,70,,5119,1,,,0,100,,5120,1,,,0,100,,5121,1,,,0,100,,5118,1,,,0,100,,5125,1,0,18 19,0,100,,5124,1,0,18 19,0,100,,5127,1,0,18 19,0,100,,5126,1,0,18 19,0
1500,'4619',706,,5128,1,,,0,130,,5138,1,,,0,170,,5130,1,,,0,130,,5131,1,,,0,170,,5129,1,,,0,130,,5133,1,,,0,170,,5137,1,,,0,130,,5132,1,,,0,170,,5135,1,,,0,130,,5136,1,,,0,170,,5134,1,,,0,100,,5141,1,0,18 19,0,100,,5142,1,0,18 19,0,100,,5139,1,0,18 19,0,100,,5140,1,0,18 19,0
1500,'4931',706,,5143,1,,,0,130,,5153,1,,,0,170,,5145,1,,,0,130,,5146,1,,,0,170,,5144,1,,,0,130,,5148,1,,,0,170,,5152,1,,,0,130,,5147,1,,,0,170,,5150,1,,,0,130,,5151,1,,,0,170,,5149,1,,,0
1500,'5454',706,,5177,1,,,0,100,,5164,1,,,0,100,,5159,1,,,0,100,,5154,1,,,0,30,,5171,1,,,0,70,,5155,1,,,0,30,,5172,1,,,0,70,,5156,1,,,0,30,,5173,1,,,0,70,,5157,1,,,0,30,,5169,1,,,0,70,,5158,1,,,0,30,,5170,1,,,0,70,,5160,1,,,0,30,,5174,1,,,0,70,,5161,1,,,0,29,,5175,1,,,0,71,,5162,1,,,0,30,,5176,1,,,0,70,,5163,1,,,0,100,,5166,1,,,0,100,,5167,1,,,0,100,,5168,1,,,0,100,,5165,1,,,0
1501,'4614',700,,5190,18,4,,0,30,,5194,18,4,,0,83,,5203,18,4,,0,17,,5197,18,4,,0,13,,5216,18,4,,0,57,,5184,18,4,,0,13,,5205,18,4,,0,30,,5209,18,4,,0,57,,5185,18,4,,0,13,,5215,18,4,,0,17,,5178,18,4,,0,13,,5208,18,4,,0,70,,5204,18,4,,0,17,,5179,18,4,,0,13,,5211,18,4,,0,57,,5186,18,4,,0,13,,5210,18,4,,0,30,,5212,18,4,,0,57,,5187,18,4,,0,13,,5214,18,4,,0,17,,5180,18,4,,0,13,,5217,18,4,,0,70,,5219,18,4,,0,17,,5181,18,4,,0,13,,5198,18,4,,0,57,,5188,18,4,,0,13,,5207,18,4,,0,30,,5199,18,4,,0,57,,5196,18,4,,0,13,,5206,18,4,,0,17,,5182,18,4,,0,13,,5201,18,4,,0,70,,5218,18,4,,0,17,,5183,18,4,,0,13,,5202,18,4,,0,57,,5195,18,4,,0,13,,5213,18,4,,0,30,,5200,18,4,,0,57,,5189,18,4,,0,30,,5193,18,4,,0,100,,5192,18,4,,0,200,,5191,18,4,,0
1501,'4616',700,,5244,18,4,,0,100,,5220,18,4,,0,100,,5221,18,4,,0,100,,5223,18,4,,0,100,,5224,18,4,,0,30,,5222,18,4,,0,70,,5226,18,4,,0,30,,5225,18,4,,0,70,,5230,18,4,,0,30,,5227,18,4,,0,70,,5228,18,4,,0,30,,5232,18,4,,0,70,,5229,18,4,,0,30,,5233,18,4,,0,70,,5231,18,4,,0,30,,5234,18,4,,0,70,,5235,18,4,,0,30,,5236,18,4,,0,70,,5237,18,4,,0,30,,5243,18,4,,0,70,,5239,18,4,,0,100,,5241,18,4,,0,100,,5238,18,4,,0,100,,5242,18,4,,0,100,,5240,18,4,,0,100,,5245,19,4,,0,100,,5248,19,4,,0,100,,5247,19,4,,0,100,,5246,19,4,,0
1501,'4619',800,,5250,18,4,,0,130,,5257,18,4,,0,170,,5253,18,4,,0,130,,5256,18,4,,0,170,,5254,18,4,,0,130,,5255,18,4,,0,170,,5258,18,4,,0,130,,5249,18,4,,0,170,,5252,18,4,,0,130,,5251,18,4,,0,170,,5262,19,4,,0,100,,5263,19,4,,0,100,,5261,19,4,,0,100,,5260,19,4,,0,100,,5259,19,4,,0
1501,'4931',800,,5265,18,4,,0,130,,5272,18,4,,0,170,,5268,18,4,,0,130,,5271,18,4,,0,170,,5269,18,4,,0,130,,5270,18,4,,0,170,,5273,18,4,,0,130,,5264,18,4,,0,170,,5267,18,4,,0,130,,5266,18,4,,0
1501,'5454',700,,5297,18,4,,0,100,,5285,18,4,,0,100,,5283,18,4,,0,100,,5274,18,4,,0,100,,5275,18,4,,0,30,,5291,18,4,,0,70,,5276,18,4,,0,30,,5292,18,4,,0,70,,5277,18,4,,0,30,,5293,18,4,,0,70,,5278,18,4,,0,30,,5290,18,4,,0,70,,5279,18,4,,0,30,,5294,18,4,,0,70,,5280,18,4,,0,30,,5295,18,4,,0,70,,5281,18,4,,0,30,,5296,18,4,,0,70,,5282,18,4,,0,100,,5284,18,4,,0,100,,5286,18,4,,0,100,,5287,18,4,,0,100,,5288,18,4,,0,100,,5289,18,4,,0
1601,'4614',700,,5299,1,,,0,30,,5301,1,,,0,4,,5299,32,4,,0,70,,5301,32,4,,0,26,,5302,1,,,0,70,,5308,1,,,0,4,,5302,32,4,,0,30,,5308,32,4,,0,66,,5309,1,,,0,30,,5303,1,,,0,4,,5309,32,4,,0,70,,5303,32,4,,0,26,,5298,1,,,0,70,,5311,1,,,0,4,,5298,32,4,,0,30,,5311,32,4,,0,66,,5312,1,,,0,30,,5304,1,,,0,4,,5312,32,4,,0,70,,5304,32,4,,0,26,,5305,1,,,0,70,,5310,1,,,0,4,,5305,32,4,,0,31,,5310,32,4,,0,65,,5313,1,,,0,30,,5300,1,,,0,4,,5313,32,4,,0,70,,5300,32,4,,0,26,,5306,1,,,0,70,,5314,1,,,0,4,,5306,32,4,,0,30,,5314,32,4,,0,66,,5315,1,,,0,34,,5315,32,4,,0,96,,5307,1,,,0,73,,5307,32,4,,0
1601,'4616',804,,5318,29,4,,0,26,,5319,1,,,0,74,,5319,32,4,,0,26,,5317,1,,,0,70,,5332,1,,,0,4,,5317,32,4,,0,26,,5316,1,,,0,4,,5332,32,4,,0,66,,5334,1,,,0,4,,5316,32,4,,0,26,,5324,1,,,0,4,,5334,32,4,,0,66,,5336,1,,,0,4,,5324,32,4,,0,26,,5325,1,,,0,4,,5336,32,4,,0,66,,5337,1,,,0,4,,5325,32,4,,0,26,,5321,1,,,0,4,,5337,32,4,,0,66,,5333,1,,,0,4,,5321,32,4,,0,26,,5323,1,,,0,4,,5333,32,4,,0,66,,5335,1,,,0,4,,5323,32,4,,0,26,,5326,1,,,0,4,,5335,32,4,,0,66,,5338,1,,,0,4,,5326,32,4,,0,26,,5327,1,,,0,4,,5338,32,4,,0,70,,5327,32,4,,0,26,,5328,1,,,0,74,,5328,32,4,,0,26,,5322,1,,,0,74,,5322,32,4,,0,26,,5329,1,,,0,74,,5329,32,4,,0,26,,5330,1,,,0,74,,5330,32,4,,0,26,,5331,1,,,0,70,,5320,1,,,0,4,,5331,32,4,,0,26,,5320,32,4,,0
1601,'4619',704,,5339,29,4,,0,96,,5345,1,,,0,36,,5345,32,4,,0,94,,5342,1,,,0,74,,5342,32,4,,0,96,,5344,1,,,0,34,,5344,32,4,,0,96,,5340,1,,,0,74,,5340,32,4,,0,96,,5347,1,,,0,34,,5347,32,4,,0,96,,5341,1,,,0,75,,5341,32,4,,0,95,,5348,1,,,0,34,,5348,32,4,,0,96,,5346,1,,,0,74,,5346,32,4,,0,96,,5349,1,,,0,33,,5349,32,4,,0,97,,5343,1,,,0,73,,5343,32,4,,0
1601,'4931',704,,5350,29,4,,0,96,,5356,1,,,0,36,,5356,32,4,,0,94,,5353,1,,,0,74,,5353,32,4,,0,96,,5355,1,,,0,34,,5355,32,4,,0,96,,5351,1,,,0,74,,5351,32,4,,0,96,,5358,1,,,0,34,,5358,32,4,,0,96,,5352,1,,,0,75,,5352,32,4,,0,95,,5359,1,,,0,34,,5359,32,4,,0,96,,5357,1,,,0,74,,5357,32,4,,0,96,,5360,1,,,0,33,,5360,32,4,,0,97,,5354,1,,,0,73,,5354,32,4,,0
1601,'5454',930,,5361,1,,,0,74,,5361,32,4,,0,26,,5362,1,,,0,74,,5362,32,4,,0,26,,5363,1,,,0,74,,5363,32,4,,0,26,,5366,1,,,0,74,,5366,32,4,,0,26,,5367,1,,,0,74,,5367,32,4,,0,26,,5368,1,,,0,74,,5368,32,4,,0,26,,5364,1,,,0,74,,5364,32,4,,0,26,,5365,1,,,0,74,,5365,32,4,,0,26,,5369,1,,,0,74,,5369,32,4,,0
1900,'4616',800,,5370,1,,,0,29,,5370,18,4,,0,71,,5371,1,,,0,29,,5371,18,4,,0,771,,5372,1,,,0,29,,5372,18,4,,0,71,,5374,1,,,0,29,,5374,18,4,,0,71,,5373,1,,,0,29,,5373,18,4,,0,71,,5375,1,,,0,29,,5375,18,4,,0,71,,5376,1,,,0,29,,5376,18,4,,0
1900,'5454',900,,5385,1,,,0,29,,5385,18,4,,0,71,,5377,1,,,0,29,,5377,18,4,,0,71,,5379,1,,,0,29,,5379,18,4,,0,71,,5380,1,,,0,29,,5380,18,4,,0,71,,5381,1,,,0,29,,5381,18,4,,0,71,,5378,1,,,0,29,,5378,18,4,,0,71,,5382,1,,,0,29,,5382,18,4,,0,71,,5383,1,,,0,29,,5383,18,4,,0,71,,5384,1,,,0,29,,5384,18,4,,0,71,,5386,1,,,0,29,,5386,18,4,,0
