12019,'4614',727,,5054,1,,,0
12029,'4614',1545,,5055,14,4,,0,2,,5056,1,,,0
1900,'4616',818,4,5370,13,,,0,100,4,5371,13,,,0,800,4,5372,13,,,0,100,4,5374,13,,,0,100,4,5373,13,,,0,100,4,5375,13,,,0,100,4,5376,13,,,0
1900,'5454',918,4,5385,13,,,0,100,4,5377,13,,,0,100,4,5379,13,,,0,100,4,5380,13,,,0,100,4,5381,13,,,0,100,4,5378,13,,,0,100,4,5382,13,,,0,100,4,5383,13,,,0,100,4,5384,13,,,0,100,4,5386,13,,,0
8801,'4614',722,,5614,47,4,,0,30,,5607,47,4,,0,70,,5616,47,4,,0,22,,5602,47,4,,0,60,,5608,47,4,,0,18,,5611,47,4,,0,23,,5606,47,4,,0,59,,5609,47,4,,0,18,,5615,47,4,,0,30,,5587,47,4,,0,70,,5595,47,4,,0,30,,5601,47,4,,0,70,,5617,47,4,,0,30,,5589,47,4,,0,70,,5596,47,4,,0,30,,5604,47,4,,0,70,,5600,47,4,,0,30,,5585,47,4,,0,70,,5594,47,4,,0,18,,5618,47,4,,0,60,,5603,47,4,,0,22,,5610,47,4,,0,18,,5598,47,4,,0,60,,5592,47,4,,0,22,,5586,47,4,,0,18,,5619,47,4,,0,60,,5613,47,4,,0,22,,5612,47,4,,0,30,,5593,47,4,,0,70,,5591,47,4,,0,30,,5599,47,4,,0,70,,5605,47,4,,0,100,,5590,47,4,,0,100,,5597,47,4,,0
8801,'4616',752,,5620,47,4,,0,70,,5644,47,4,,0,30,,5622,47,4,,0,70,,5643,47,4,,0,30,,5624,47,4,,0,70,,5639,47,4,,0,30,,5625,47,4,,0,70,,5641,47,4,,0,30,,5621,47,4,,0,70,,5640,47,4,,0,30,,5627,47,4,,0,70,,5642,47,4,,0,30,,5628,47,4,,0,70,,5637,47,4,,0,30,,5626,47,4,,0,70,,5647,47,4,,0,30,,5629,47,4,,0,70,,5638,47,4,,0,30,,5630,47,4,,0,70,,5645,47,4,,0,30,,5623,47,4,,0,70,,5646,47,4,,0,30,,5632,47,4,,0,100,,5633,47,4,,0,100,,5634,47,4,,0,100,,5631,47,4,,0,100,,5635,47,4,,0
8801,'5454',752,,5661,47,4,,0,100,,5660,47,4,,0,100,,5655,47,4,,0,100,,5649,47,4,,0,100,,5650,47,4,,0,70,,5669,47,4,,0,30,,5651,47,4,,0,70,,5668,47,4,,0,30,,5652,47,4,,0,70,,5665,47,4,,0,30,,5653,47,4,,0,70,,5666,47,4,,0,30,,5648,47,4,,0,70,,5667,47,4,,0,30,,5654,47,4,,0,70,,5670,47,4,,0,30,,5656,47,4,,0,100,,5657,47,4,,0,100,,5658,47,4,,0,100,,5659,47,4,,0,100,,5662,47,4,,0,100,,5663,47,4,,0
8900,'4614',703,,5683,1,,,0,20,,5700,1,,,0,22,,5685,1,,,0,59,,5690,1,,,0,19,,5699,1,,,0,22,,5686,1,,,0,59,,5687,1,,,0,19,,5674,1,,,0,30,,5684,1,,,0,70,,5694,1,,,0,30,,5672,1,,,0,70,,5673,1,,,0,30,,5681,1,,,0,70,,5697,1,,,0,30,,5671,1,,,0,70,,5676,1,,,0,30,,5682,1,,,0,70,,5696,1,,,0,18,,5705,1,,,0,59,,5675,1,,,0,23,,5677,1,,,0,18,,5706,1,,,0,59,,5689,1,,,0,23,,5695,1,,,0,30,,5691,1,,,0,70,,5680,1,,,0,30,,5693,1,,,0,70,,5688,1,,,0,30,,5702,1,,,0,70,,5679,1,,,0,100,,5698,1,,,0,100,,5678,1,,,0,100,,5692,1,0,5 6,0
8900,'4616',723,,5734,1,,,0,30,,5707,1,,,0,70,,5733,1,,,0,30,,5708,1,,,0,70,,5732,1,,,0,30,,5709,1,,,0,70,,5729,1,,,0,30,,5710,1,,,0,70,,5728,1,,,0,30,,5712,1,,,0,70,,5724,1,,,0,30,,5714,1,,,0,70,,5727,1,,,0,30,,5711,1,,,0,70,,5725,1,,,0,30,,5717,1,,,0,70,,5730,1,,,0,30,,5718,1,,,0,70,,5731,1,,,0,30,,5713,1,,,0,70,,5735,1,,,0,30,,5716,1,,,0,70,,5736,1,,,0,30,,5715,1,,,0,100,,5719,1,,,0,100,,5720,1,,,0,100,,5721,1,,,0,100,,5722,1,0,5 6,0
8900,'5454',753,,5749,1,,,0,100,,5746,1,,,0,100,,5737,1,,,0,100,,5738,1,,,0,100,,5739,1,,,0,70,,5759,1,,,0,30,,5740,1,,,0,70,,5757,1,,,0,30,,5741,1,,,0,70,,5754,1,,,0,30,,5742,1,,,0,70,,5755,1,,,0,30,,5744,1,,,0,70,,5756,1,,,0,30,,5745,1,,,0,100,,5747,1,,,0,100,,5743,1,,,0,100,,5751,1,,,0,100,,5753,1,,,0,100,,5748,1,,,0,100,,5752,1,0,5 6,0
16101,'4616',1526,,5849,5,,,0
16101,'5292',1526,,5850,5,,,0
