500,'4614',726,,4794,23,,,0,28,,4803,23,,,0,65,,4793,23,,,0,35,,4804,23,,,0,65,,4792,23,,,0,35,,4805,23,,,0,100,,4809,23,,,0,100,,4810,23,,,0,100,,4806,23,,,0,100,,4807,23,,,0,100,,4808,23,,,0,100,,4798,23,,,0,70,,4812,23,,,0,30,,4796,23,,,0,70,,4795,23,,,0,30,,4797,23,,,0,70,,4813,23,,,0,30,,4801,23,,,0,100,,4799,23,,,0,100,,4800,23,,,0,100,,4802,23,,,0,100,,4811,23,,,0
500,'4616',756,,4816,23,,,0,98,,4819,23,,,0,100,,4817,23,,,0,100,,4823,23,,,0,100,,4814,23,,,0,100,,4824,23,,,0,100,,4828,23,,,0,100,,4826,23,,,0,100,,4815,23,,,0,100,,4825,23,,,0,100,,4827,23,,,0,100,,4821,23,,,0,100,,4822,23,,,0,100,,4820,23,,,0,100,,4818,23,,,0
500,'5454',756,,4835,23,,,0,98,,4829,23,,,0,100,,4834,23,,,0,100,,4833,23,,,0,100,,4836,23,,,0,100,,4831,23,,,0,100,,4830,23,,,0,100,,4832,23,,,0,100,,4843,23,,,0,100,,4842,23,,,0,100,,4841,23,,,0,100,,4840,23,,,0,100,,4839,23,,,0,100,,4837,23,,,0,100,,4838,23,,,0
1001,'4614',656,,4988,15,,,0,70,,4975,15,,,0,30,,4976,15,,,0,72,,4966,15,,,0,28,,4962,15,,,0,70,,4980,15,,,0,30,,4969,15,,,0,70,,4961,15,,,0,30,,4983,15,,,0,70,,4970,15,,,0,30,,4986,15,,,0,70,,4971,15,,,0,30,,4987,15,,,0,70,,4984,15,,,0,30,,4963,15,,,0,70,,4965,15,,,0,30,,4989,15,,,0,70,,4972,15,,,0,30,,4977,15,,,0,70,,4964,15,,,0,30,,4973,15,,,0,70,,4981,15,,,0,30,,4967,15,,,0,70,,4979,15,,,0,30,,4974,15,,,0,70,,4968,15,,,0,30,,4985,15,,,0,100,,4978,15,,,0,100,,4982,15,,,0
1001,'4616',756,,4990,15,,,0,70,,4991,15,,,0,30,,4995,15,,,0,70,,4994,15,,,0,30,,4993,15,,,0,70,,4992,15,,,0,30,,4996,15,,,0,70,,4997,15,,,0,30,,4998,15,,,0,70,,5000,15,,,0,30,,4999,15,,,0,70,,5001,15,,,0,30,,5003,15,,,0,70,,5002,15,,,0,30,,5004,15,,,0,70,,5005,15,,,0,30,,5006,15,,,0,70,,5009,15,,,0,30,,5008,15,,,0,70,,5010,15,,,0,30,,5007,15,,,0,100,,5011,15,,,0,100,,5012,15,,,0,100,,5013,15,,,0
1001,'5454',956,,5014,15,,,0,100,,5015,15,,,0,100,,5016,15,,,0,100,,5017,15,,,0,100,,5019,15,,,0,100,,5018,15,,,0,100,,5020,15,,,0,100,,5021,15,,,0,100,,5022,15,,,0,100,,5023,15,,,0
1101,'4614',704,,5030,2,,,0,27,,5030,43,,,0,3,,5029,2,,,0,67,,5029,43,,,0,3,,5024,2,,,0,27,,5024,43,,,0,3,,5035,2,,,0,67,,5035,43,,,0,3,,5031,2,,,0,27,,5031,43,,,0,3,,5025,2,,,0,67,,5025,43,,,0,3,,5037,2,,,0,27,,5037,43,,,0,73,,5026,2,,,0,27,,5026,43,,,0,73,,5039,2,,,0,27,,5039,43,,,0,73,,5032,2,,,0,27,,5032,43,,,0,73,,5027,2,,,0,27,,5027,43,,,0,73,,5034,2,,,0,24,,5038,3,,,0,3,,5034,43,,,0,22,,5038,44,,,0,51,,5041,2,,,0,27,,5041,43,,,0,3,,5036,2,,,0,67,,5036,43,,,0,3,,5028,2,,,0,27,,5028,43,,,0,3,,5040,2,,,0,67,,5040,43,,,0,3,,5033,2,,,0,27,,5033,43,,,0,3,,5042,2,,,0,67,,5042,43,,,0
1101,'4616',734,,5043,2,,,0,67,,5043,43,,,0,33,,5044,2,,,0,67,,5044,43,,,0,33,,5045,2,,,0,67,,5045,43,,,0,33,,5046,2,,,0,67,,5046,43,,,0,33,,5047,2,,,0,67,,5047,43,,,0,33,,5048,2,,,0,67,,5048,43,,,0,33,,5049,2,,,0,67,,5049,43,,,0,33,,5050,2,,,0,67,,5050,43,,,0,33,,5051,2,,,0,67,,5051,43,,,0,33,,5052,2,,,0,67,,5052,43,,,0,33,,5053,2,,,0,67,,5053,43,,,0
55029,'4614',714,,5551,2,,,0,36,,5538,15,,,0,60,,5556,15,,,0,40,,5540,15,,,0,60,,5543,15,,,0,100,,5552,15,,,0,101,,5553,15,,,0,100,,5555,15,,,0,100,,5554,15,,,0,100,,5557,15,,,0,99,,5544,15,,,0,36,,5558,2,,,0,67,,5541,15,,,0,32,,5547,15,,,0,69,,5539,15,,,0,32,,5550,15,,,0,68,,5542,15,,,0,30,,5549,15,,,0,68,,5546,15,,,0,100,,5545,15,,,0,98,,5548,15,0,11,0
55029,'4616',736,,5560,2,,,0,106,,5562,15,,,0,100,,5565,15,,,0,100,,5563,15,,,0,100,,5561,15,,,0,100,,5567,15,,,0,100,,5564,15,,,0,100,,5566,15,,,0,100,,5571,15,,,0,100,,5570,15,,,0,100,,5568,15,,,0,100,,5559,15,,,0,100,,5573,15,,,0,100,,5572,15,,,0,100,,5569,15,,,0
55029,'5454',842,,5580,16,,,0,100,,5582,16,,,0,100,,5581,16,,,0,100,,5583,16,,,0,100,,5576,16,,,0,100,,5584,16,,,0,100,,5578,16,,,0,100,,5575,16,,,0,100,,5574,16,,,0,100,,5579,16,,,0,100,,5577,16,,,0
8900,'4614',703,,5703,2,,,0,40,,5683,24,,,0,60,,5700,24,,,0,22,,5685,24,,,0,19,,5690,24,,,0,59,,5699,24,,,0,22,,5686,24,,,0,19,,5687,24,,,0,59,,5674,24,,,0,30,,5684,24,,,0,70,,5694,24,,,0,30,,5672,24,,,0,70,,5673,24,,,0,30,,5681,24,,,0,70,,5697,24,,,0,30,,5671,24,,,0,70,,5676,24,,,0,30,,5682,24,,,0,70,,5696,24,,,0,18,,5705,24,,,0,19,,5675,24,,,0,63,,5677,24,,,0,18,,5706,24,,,0,19,,5689,24,,,0,63,,5695,24,,,0,30,,5691,24,,,0,70,,5680,24,,,0,30,,5693,24,,,0,70,,5688,24,,,0,30,,5702,24,,,0,70,,5679,24,,,0,100,,5698,24,,,0,100,,5678,24,,,0
8900,'4616',803,,5734,24,,,0,30,,5707,24,,,0,70,,5733,24,,,0,30,,5708,24,,,0,70,,5732,24,,,0,30,,5709,24,,,0,70,,5729,24,,,0,30,,5710,24,,,0,70,,5728,24,,,0,30,,5712,24,,,0,70,,5724,24,,,0,30,,5714,24,,,0,70,,5727,24,,,0,30,,5711,24,,,0,70,,5725,24,,,0,30,,5717,24,,,0,70,,5730,24,,,0,30,,5718,24,,,0,70,,5731,24,,,0,30,,5713,24,,,0,70,,5735,24,,,0,30,,5716,24,,,0,70,,5736,24,,,0,30,,5715,24,,,0,100,,5719,24,,,0,100,,5720,24,,,0,100,,5721,24,,,0
8900,'5454',833,,5749,24,,,0,100,,5746,24,,,0,100,,5737,24,,,0,100,,5738,24,,,0,100,,5739,24,,,0,70,,5759,24,,,0,30,,5740,24,,,0,70,,5757,24,,,0,30,,5741,24,,,0,70,,5754,24,,,0,30,,5742,24,,,0,70,,5755,24,,,0,30,,5744,24,,,0,70,,5756,24,,,0,30,,5745,24,,,0,100,,5747,24,,,0,100,,5743,24,,,0,100,,5751,24,,,0,100,,5753,24,,,0,100,,5748,24,,,0
9100,'4614',705,,5760,2,,,0,100,,5762,2,,,0,100,,5763,2,,,0,100,,5766,2,,,0,100,,5761,2,,,0,100,,5768,2,,,0,100,,5765,2,,,0,100,,5767,2,,,0,100,,5770,2,,,0,100,,5764,2,,,0,100,,5771,2,,,0,100,,5772,2,,,0,100,,5769,2,,,0,100,,5773,2,,,0
9100,'4616',805,,5777,2,,,0,100,,5778,2,,,0,100,,5785,2,,,0,100,,5780,2,,,0,100,,5774,2,,,0,100,,5775,2,,,0,100,,5779,2,,,0,100,,5776,2,,,0,100,,5782,2,,,0,100,,5783,2,,,0,100,,5784,2,,,0,100,,5781,2,,,0,100,,5786,2,,,0
9100,'5454',805,,5797,2,,,0,100,,5789,2,,,0,100,,5787,2,,,0,100,,5788,2,,,0,100,,5790,2,,,0,100,,5792,2,,,0,100,,5794,2,,,0,100,,5791,2,,,0,100,,5793,2,,,0,100,,5795,2,,,0,100,,5796,2,,,0
9600,'4614',741,,5837,2,0,14 15 16 17,0,3,,5839,2,0,14 15 16 17,0
9601,'4614',1422,,5841,2,0,14 15 16 17,0
97019,'4614',750,,5845,2,,,0
97029,'4614',1455,,5846,2,,,0
